-0.000286
-0.000582
-0.00085
-0.00106
-0.000624
-0.002732
-0.00279
-0.003742
-0.004584
-0.002816
-0.003824
-0.003186
-0.003214
-0.003304
-0.003886
-0.002226
-0.00261
-0.002524
-0.001554
-0.001728
-0.002598
-0.003464
-0.00455
-0.00374
-0.002152
-0.004006
-0.00278
-0.003864
-0.00385
-0.002268
-0.000556
-0.001092
0.000612
0.002156
0.002492
0.002442
0.002846
0.002956
0.002508
0.003046
0.00299
0.003108
0.004234
0.00369
0.00348
0.00408
0.005034
0.00523
0.003972
0.005218
0.0066
0.006756
0.00812
0.0083
0.010796
0.010996
0.010294
0.009594
0.00868
0.007172
0.00675
0.005412
0.006216
0.00612
0.006186
0.006174
0.004994
0.002206
0.004092
0.003198
0.001616
0.00203
0.000524
0.000732
-0.001286
-0.000982
-0.002676
-0.004382
-0.003222
-0.00232
-0.002348
-0.001688
-0.001488
-0.002548
-0.000998
-0.001432
-0.002314
-0.002346
-0.003168
-0.003392
-0.003986
-0.005288
-0.003696
-0.006294
-0.007754
-0.00754
-0.008964
-0.009896
-0.012008
-0.012752
