1
2.00264
3.00213
4.01006
5.00837
6.00068
6.99502
7.99744
9.00328
10.0068
11.0102
11.9969
12.9987
14.0075
15.0027
15.9853
16.9714
17.9803
18.8598
19.9917
20.7928
22.0082
22.7447
24.0224
24.6855
26.0247
26.6444
28.0232
28.6063
30.034
30.5732
31.9994
32.526
34.0251
34.4882
36.0082
36.4592
37.9983
38.4223
39.9793
40.4053
41.979
42.3775
43.9893
44.3648
46.0115
46.3707
47.9991
48.3452
50.0022
50.34
51.9996
52.2745
53.9847
54.2863
55.9795
56.2652
57.9852
58.289
60.0052
60.2695
62.0134
62.2884
63.9978
64.2589
65.9957
66.224
67.9274
68.1826
69.8638
70.1959
71.8096
72.2095
73.8203
74.2466
75.7744
76.2403
77.732
78.1951
79.6475
80.2091
81.6417
82.1916
83.5862
84.173
85.5395
86.1677
87.5231
88.1976
89.5172
90.2065
91.4625
92.2128
93.4219
94.152
95.3639
96.1386
97.349
98.129
99.3226
