1, 1, 1000
1, 2, 1000
1, 3, 1000
1, 4, 1000
1, 5, 1000
1, 6, 1000
1, 7, 1000
1, 8, 1000
1, 9, 1000
1, 10, 1000
1, 11, 1000
1, 12, 1000
1, 13, 1000
1, 14, 1000
1, 15, 1000
1, 16, 1000
1, 17, 1000
1, 18, 1000
1, 19, 1000
1, 20, 1000
1, 21, 1000
1, 22, 1000
1, 23, 1000
1, 24, 1000
1, 25, 1000
1, 26, 1000
1, 27, 1000
1, 28, 1000
1, 29, 1000
1, 30, 1000
1, 31, 1000
1, 32, 1000
1, 33, 1000
1, 34, 1000
1, 35, 1000
1, 36, 1000
1, 37, 1000
1, 38, 1000
1, 39, 1000
1, 40, 1000
1, 41, 1000
1, 42, 1000
1, 43, 1000
1, 44, 1000
1, 45, 1000
1, 46, 1000
1, 47, 1000
1, 48, 1000
1, 49, 1000
1, 50, 1000
1, 51, 1000
1, 52, 1000
1, 53, 1000
1, 54, 1000
1, 55, 1000
1, 56, 1000
1, 57, 1000
1, 58, 1000
1, 59, 1000
1, 60, 1000
1, 61, 1000
1, 62, 1000
1, 63, 1000
1, 64, 1000
1, 65, 1000
1, 66, 1000
1, 67, 1000
1, 68, 1000
1, 69, 1000
1, 70, 1000
1, 71, 1000
1, 72, 1000
1, 73, 1000
1, 74, 1000
1, 75, 1000
1, 76, 1000
1, 77, 1000
1, 78, 1000
1, 79, 1000
1, 80, 1000
2, 1, 984.679
2, 2, 984.681
2, 3, 984.686
2, 4, 984.694
2, 5, 984.703
2, 6, 984.715
2, 7, 984.729
2, 8, 984.746
2, 9, 984.764
2, 10, 984.783
2, 11, 984.804
2, 12, 984.827
2, 13, 984.85
2, 14, 984.875
2, 15, 984.9
2, 16, 984.926
2, 17, 984.952
2, 18, 984.978
2, 19, 985.004
2, 20, 985.03
2, 21, 985.055
2, 22, 985.08
2, 23, 985.104
2, 24, 985.127
2, 25, 985.149
2, 26, 985.17
2, 27, 985.189
2, 28, 985.207
2, 29, 985.223
2, 30, 985.238
2, 31, 985.251
2, 32, 985.262
2, 33, 985.271
2, 34, 985.278
2, 35, 985.283
2, 36, 985.286
2, 37, 985.287
2, 38, 985.285
2, 39, 985.282
2, 40, 985.276
2, 41, 985.268
2, 42, 985.257
2, 43, 985.244
2, 44, 985.229
2, 45, 985.212
2, 46, 985.192
2, 47, 985.17
2, 48, 985.146
2, 49, 985.12
2, 50, 985.091
2, 51, 985.06
2, 52, 985.027
2, 53, 984.991
2, 54, 984.954
2, 55, 984.914
2, 56, 984.873
2, 57, 984.829
2, 58, 984.783
2, 59, 984.735
2, 60, 984.685
2, 61, 984.632
2, 62, 984.577
2, 63, 984.52
2, 64, 984.46
2, 65, 984.397
2, 66, 984.33
2, 67, 984.259
2, 68, 984.183
2, 69, 984.1
2, 70, 984.008
2, 71, 983.906
2, 72, 983.788
2, 73, 983.65
2, 74, 983.481
2, 75, 983.266
2, 76, 982.977
2, 77, 982.56
2, 78, 981.901
2, 79, 980.715
2, 80, 978.21
3, 1, 969.364
3, 2, 969.369
3, 3, 969.379
3, 4, 969.394
3, 5, 969.413
3, 6, 969.437
3, 7, 969.466
3, 8, 969.498
3, 9, 969.534
3, 10, 969.573
3, 11, 969.615
3, 12, 969.66
3, 13, 969.707
3, 14, 969.756
3, 15, 969.806
3, 16, 969.858
3, 17, 969.91
3, 18, 969.962
3, 19, 970.014
3, 20, 970.066
3, 21, 970.116
3, 22, 970.166
3, 23, 970.213
3, 24, 970.259
3, 25, 970.303
3, 26, 970.344
3, 27, 970.383
3, 28, 970.419
3, 29, 970.451
3, 30, 970.481
3, 31, 970.506
3, 32, 970.528
3, 33, 970.546
3, 34, 970.56
3, 35, 970.57
3, 36, 970.576
3, 37, 970.578
3, 38, 970.575
3, 39, 970.568
3, 40, 970.556
3, 41, 970.54
3, 42, 970.519
3, 43, 970.493
3, 44, 970.463
3, 45, 970.429
3, 46, 970.389
3, 47, 970.346
3, 48, 970.297
3, 49, 970.244
3, 50, 970.187
3, 51, 970.125
3, 52, 970.059
3, 53, 969.988
3, 54, 969.914
3, 55, 969.835
3, 56, 969.751
3, 57, 969.664
3, 58, 969.572
3, 59, 969.477
3, 60, 969.377
3, 61, 969.272
3, 62, 969.163
3, 63, 969.049
3, 64, 968.93
3, 65, 968.804
3, 66, 968.672
3, 67, 968.531
3, 68, 968.38
3, 69, 968.216
3, 70, 968.036
3, 71, 967.836
3, 72, 967.607
3, 73, 967.339
3, 74, 967.017
3, 75, 966.615
3, 76, 966.091
3, 77, 965.375
3, 78, 964.339
3, 79, 962.76
3, 80, 960.272
4, 1, 954.064
4, 2, 954.071
4, 3, 954.086
4, 4, 954.108
4, 5, 954.137
4, 6, 954.173
4, 7, 954.215
4, 8, 954.263
4, 9, 954.317
4, 10, 954.375
4, 11, 954.438
4, 12, 954.505
4, 13, 954.576
4, 14, 954.649
4, 15, 954.724
4, 16, 954.801
4, 17, 954.879
4, 18, 954.957
4, 19, 955.035
4, 20, 955.112
4, 21, 955.187
4, 22, 955.261
4, 23, 955.333
4, 24, 955.401
4, 25, 955.467
4, 26, 955.529
4, 27, 955.586
4, 28, 955.64
4, 29, 955.688
4, 30, 955.732
4, 31, 955.77
4, 32, 955.803
4, 33, 955.83
4, 34, 955.851
4, 35, 955.866
4, 36, 955.875
4, 37, 955.877
4, 38, 955.873
4, 39, 955.862
4, 40, 955.845
4, 41, 955.82
4, 42, 955.789
4, 43, 955.751
4, 44, 955.706
4, 45, 955.654
4, 46, 955.596
4, 47, 955.53
4, 48, 955.458
4, 49, 955.379
4, 50, 955.293
4, 51, 955.201
4, 52, 955.102
4, 53, 954.996
4, 54, 954.885
4, 55, 954.767
4, 56, 954.642
4, 57, 954.512
4, 58, 954.375
4, 59, 954.233
4, 60, 954.083
4, 61, 953.928
4, 62, 953.765
4, 63, 953.596
4, 64, 953.418
4, 65, 953.232
4, 66, 953.036
4, 67, 952.828
4, 68, 952.605
4, 69, 952.365
4, 70, 952.103
4, 71, 951.811
4, 72, 951.482
4, 73, 951.103
4, 74, 950.653
4, 75, 950.106
4, 76, 949.418
4, 77, 948.529
4, 78, 947.343
4, 79, 945.738
4, 80, 943.591
5, 1, 938.783
5, 2, 938.793
5, 3, 938.813
5, 4, 938.842
5, 5, 938.88
5, 6, 938.928
5, 7, 938.984
5, 8, 939.048
5, 9, 939.119
5, 10, 939.196
5, 11, 939.28
5, 12, 939.369
5, 13, 939.462
5, 14, 939.559
5, 15, 939.659
5, 16, 939.761
5, 17, 939.864
5, 18, 939.968
5, 19, 940.071
5, 20, 940.173
5, 21, 940.274
5, 22, 940.372
5, 23, 940.467
5, 24, 940.558
5, 25, 940.645
5, 26, 940.727
5, 27, 940.803
5, 28, 940.874
5, 29, 940.939
5, 30, 940.997
5, 31, 941.048
5, 32, 941.091
5, 33, 941.127
5, 34, 941.155
5, 35, 941.175
5, 36, 941.187
5, 37, 941.19
5, 38, 941.184
5, 39, 941.169
5, 40, 941.146
5, 41, 941.114
5, 42, 941.072
5, 43, 941.022
5, 44, 940.962
5, 45, 940.893
5, 46, 940.816
5, 47, 940.729
5, 48, 940.633
5, 49, 940.528
5, 50, 940.414
5, 51, 940.292
5, 52, 940.161
5, 53, 940.021
5, 54, 939.873
5, 55, 939.717
5, 56, 939.552
5, 57, 939.379
5, 58, 939.198
5, 59, 939.009
5, 60, 938.812
5, 61, 938.607
5, 62, 938.392
5, 63, 938.169
5, 64, 937.935
5, 65, 937.691
5, 66, 937.433
5, 67, 937.161
5, 68, 936.872
5, 69, 936.56
5, 70, 936.223
5, 71, 935.851
5, 72, 935.436
5, 73, 934.963
5, 74, 934.415
5, 75, 933.765
5, 76, 932.979
5, 77, 932.009
5, 78, 930.799
5, 79, 929.291
5, 80, 927.457
6, 1, 923.53
6, 2, 923.542
6, 3, 923.566
6, 4, 923.603
6, 5, 923.651
6, 6, 923.709
6, 7, 923.779
6, 8, 923.858
6, 9, 923.946
6, 10, 924.043
6, 11, 924.147
6, 12, 924.257
6, 13, 924.373
6, 14, 924.494
6, 15, 924.618
6, 16, 924.744
6, 17, 924.872
6, 18, 925.001
6, 19, 925.129
6, 20, 925.256
6, 21, 925.381
6, 22, 925.503
6, 23, 925.621
6, 24, 925.734
6, 25, 925.842
6, 26, 925.944
6, 27, 926.039
6, 28, 926.127
6, 29, 926.207
6, 30, 926.279
6, 31, 926.342
6, 32, 926.397
6, 33, 926.441
6, 34, 926.476
6, 35, 926.501
6, 36, 926.515
6, 37, 926.519
6, 38, 926.512
6, 39, 926.494
6, 40, 926.465
6, 41, 926.425
6, 42, 926.373
6, 43, 926.31
6, 44, 926.236
6, 45, 926.151
6, 46, 926.054
6, 47, 925.946
6, 48, 925.827
6, 49, 925.697
6, 50, 925.556
6, 51, 925.404
6, 52, 925.241
6, 53, 925.068
6, 54, 924.884
6, 55, 924.69
6, 56, 924.486
6, 57, 924.272
6, 58, 924.048
6, 59, 923.814
6, 60, 923.57
6, 61, 923.316
6, 62, 923.052
6, 63, 922.776
6, 64, 922.489
6, 65, 922.189
6, 66, 921.874
6, 67, 921.542
6, 68, 921.19
6, 69, 920.815
6, 70, 920.41
6, 71, 919.969
6, 72, 919.482
6, 73, 918.937
6, 74, 918.317
6, 75, 917.601
6, 76, 916.762
6, 77, 915.771
6, 78, 914.595
6, 79, 913.213
6, 80, 911.627
7, 1, 908.31
7, 2, 908.324
7, 3, 908.353
7, 4, 908.397
7, 5, 908.453
7, 6, 908.524
7, 7, 908.606
7, 8, 908.7
7, 9, 908.806
7, 10, 908.92
7, 11, 909.044
7, 12, 909.176
7, 13, 909.314
7, 14, 909.457
7, 15, 909.605
7, 16, 909.756
7, 17, 909.908
7, 18, 910.061
7, 19, 910.214
7, 20, 910.365
7, 21, 910.514
7, 22, 910.659
7, 23, 910.799
7, 24, 910.934
7, 25, 911.063
7, 26, 911.184
7, 27, 911.298
7, 28, 911.402
7, 29, 911.498
7, 30, 911.584
7, 31, 911.659
7, 32, 911.724
7, 33, 911.777
7, 34, 911.818
7, 35, 911.848
7, 36, 911.865
7, 37, 911.869
7, 38, 911.861
7, 39, 911.839
7, 40, 911.805
7, 41, 911.757
7, 42, 911.695
7, 43, 911.621
7, 44, 911.532
7, 45, 911.43
7, 46, 911.315
7, 47, 911.187
7, 48, 911.045
7, 49, 910.89
7, 50, 910.722
7, 51, 910.541
7, 52, 910.347
7, 53, 910.141
7, 54, 909.923
7, 55, 909.692
7, 56, 909.45
7, 57, 909.196
7, 58, 908.93
7, 59, 908.653
7, 60, 908.364
7, 61, 908.063
7, 62, 907.751
7, 63, 907.426
7, 64, 907.088
7, 65, 906.735
7, 66, 906.366
7, 67, 905.979
7, 68, 905.572
7, 69, 905.139
7, 70, 904.676
7, 71, 904.176
7, 72, 903.631
7, 73, 903.031
7, 74, 902.361
7, 75, 901.606
7, 76, 900.748
7, 77, 899.768
7, 78, 898.65
7, 79, 897.388
7, 80, 895.998
8, 1, 893.129
8, 2, 893.146
8, 3, 893.18
8, 4, 893.23
8, 5, 893.295
8, 6, 893.376
8, 7, 893.472
8, 8, 893.581
8, 9, 893.702
8, 10, 893.835
8, 11, 893.978
8, 12, 894.13
8, 13, 894.29
8, 14, 894.455
8, 15, 894.626
8, 16, 894.8
8, 17, 894.977
8, 18, 895.154
8, 19, 895.331
8, 20, 895.506
8, 21, 895.677
8, 22, 895.845
8, 23, 896.007
8, 24, 896.163
8, 25, 896.312
8, 26, 896.452
8, 27, 896.584
8, 28, 896.705
8, 29, 896.815
8, 30, 896.914
8, 31, 897.002
8, 32, 897.076
8, 33, 897.138
8, 34, 897.186
8, 35, 897.22
8, 36, 897.239
8, 37, 897.244
8, 38, 897.235
8, 39, 897.21
8, 40, 897.17
8, 41, 897.114
8, 42, 897.043
8, 43, 896.957
8, 44, 896.855
8, 45, 896.737
8, 46, 896.604
8, 47, 896.455
8, 48, 896.291
8, 49, 896.112
8, 50, 895.918
8, 51, 895.708
8, 52, 895.485
8, 53, 895.247
8, 54, 894.995
8, 55, 894.729
8, 56, 894.449
8, 57, 894.156
8, 58, 893.85
8, 59, 893.531
8, 60, 893.199
8, 61, 892.854
8, 62, 892.496
8, 63, 892.124
8, 64, 891.738
8, 65, 891.337
8, 66, 890.919
8, 67, 890.482
8, 68, 890.023
8, 69, 889.54
8, 70, 889.027
8, 71, 888.479
8, 72, 887.889
8, 73, 887.248
8, 74, 886.546
8, 75, 885.772
8, 76, 884.914
8, 77, 883.961
8, 78, 882.907
8, 79, 881.755
8, 80, 880.518
9, 1, 877.994
9, 2, 878.014
9, 3, 878.051
9, 4, 878.108
9, 5, 878.182
9, 6, 878.274
9, 7, 878.382
9, 8, 878.505
9, 9, 878.642
9, 10, 878.792
9, 11, 878.954
9, 12, 879.126
9, 13, 879.306
9, 14, 879.494
9, 15, 879.687
9, 16, 879.884
9, 17, 880.083
9, 18, 880.284
9, 19, 880.484
9, 20, 880.681
9, 21, 880.876
9, 22, 881.066
9, 23, 881.249
9, 24, 881.426
9, 25, 881.594
9, 26, 881.753
9, 27, 881.901
9, 28, 882.038
9, 29, 882.163
9, 30, 882.276
9, 31, 882.374
9, 32, 882.459
9, 33, 882.528
9, 34, 882.582
9, 35, 882.621
9, 36, 882.643
9, 37, 882.649
9, 38, 882.638
9, 39, 882.609
9, 40, 882.564
9, 41, 882.501
9, 42, 882.421
9, 43, 882.323
9, 44, 882.207
9, 45, 882.074
9, 46, 881.923
9, 47, 881.755
9, 48, 881.57
9, 49, 881.367
9, 50, 881.147
9, 51, 880.911
9, 52, 880.658
9, 53, 880.39
9, 54, 880.105
9, 55, 879.805
9, 56, 879.49
9, 57, 879.16
9, 58, 878.815
9, 59, 878.456
9, 60, 878.083
9, 61, 877.696
9, 62, 877.295
9, 63, 876.879
9, 64, 876.448
9, 65, 876.002
9, 66, 875.538
9, 67, 875.056
9, 68, 874.552
9, 69, 874.025
9, 70, 873.47
9, 71, 872.883
9, 72, 872.258
9, 73, 871.589
9, 74, 870.867
9, 75, 870.087
9, 76, 869.24
9, 77, 868.322
9, 78, 867.332
9, 79, 866.274
9, 80, 865.162
10, 1, 862.911
10, 2, 862.932
10, 3, 862.974
10, 4, 863.037
10, 5, 863.119
10, 6, 863.221
10, 7, 863.341
10, 8, 863.478
10, 9, 863.631
10, 10, 863.797
10, 11, 863.977
10, 12, 864.168
10, 13, 864.369
10, 14, 864.577
10, 15, 864.792
10, 16, 865.011
10, 17, 865.233
10, 18, 865.456
10, 19, 865.678
10, 20, 865.898
10, 21, 866.114
10, 22, 866.325
10, 23, 866.529
10, 24, 866.726
10, 25, 866.913
10, 26, 867.089
10, 27, 867.255
10, 28, 867.407
10, 29, 867.546
10, 30, 867.671
10, 31, 867.781
10, 32, 867.874
10, 33, 867.952
10, 34, 868.012
10, 35, 868.055
10, 36, 868.08
10, 37, 868.086
10, 38, 868.074
10, 39, 868.042
10, 40, 867.992
10, 41, 867.922
10, 42, 867.832
10, 43, 867.723
10, 44, 867.594
10, 45, 867.446
10, 46, 867.278
10, 47, 867.091
10, 48, 866.885
10, 49, 866.66
10, 50, 866.416
10, 51, 866.153
10, 52, 865.873
10, 53, 865.574
10, 54, 865.259
10, 55, 864.926
10, 56, 864.576
10, 57, 864.211
10, 58, 863.829
10, 59, 863.433
10, 60, 863.021
10, 61, 862.594
10, 62, 862.152
10, 63, 861.695
10, 64, 861.223
10, 65, 860.735
10, 66, 860.23
10, 67, 859.707
10, 68, 859.164
10, 69, 858.599
10, 70, 858.009
10, 71, 857.391
10, 72, 856.739
10, 73, 856.05
10, 74, 855.319
10, 75, 854.541
10, 76, 853.713
10, 77, 852.832
10, 78, 851.9
10, 79, 850.924
10, 80, 849.915
11, 1, 847.884
11, 2, 847.907
11, 3, 847.954
11, 4, 848.022
11, 5, 848.113
11, 6, 848.224
11, 7, 848.356
11, 8, 848.506
11, 9, 848.673
11, 10, 848.856
11, 11, 849.053
11, 12, 849.262
11, 13, 849.482
11, 14, 849.711
11, 15, 849.946
11, 16, 850.186
11, 17, 850.43
11, 18, 850.674
11, 19, 850.918
11, 20, 851.159
11, 21, 851.396
11, 22, 851.628
11, 23, 851.852
11, 24, 852.067
11, 25, 852.273
11, 26, 852.466
11, 27, 852.648
11, 28, 852.815
11, 29, 852.968
11, 30, 853.105
11, 31, 853.225
11, 32, 853.328
11, 33, 853.413
11, 34, 853.479
11, 35, 853.526
11, 36, 853.553
11, 37, 853.56
11, 38, 853.546
11, 39, 853.511
11, 40, 853.456
11, 41, 853.379
11, 42, 853.281
11, 43, 853.161
11, 44, 853.02
11, 45, 852.857
11, 46, 852.673
11, 47, 852.468
11, 48, 852.242
11, 49, 851.994
11, 50, 851.727
11, 51, 851.439
11, 52, 851.132
11, 53, 850.805
11, 54, 850.46
11, 55, 850.096
11, 56, 849.714
11, 57, 849.314
11, 58, 848.898
11, 59, 848.466
11, 60, 848.017
11, 61, 847.553
11, 62, 847.073
11, 63, 846.578
11, 64, 846.068
11, 65, 845.542
11, 66, 845
11, 67, 844.441
11, 68, 843.864
11, 69, 843.267
11, 70, 842.648
11, 71, 842.004
11, 72, 841.333
11, 73, 840.631
11, 74, 839.897
11, 75, 839.127
11, 76, 838.319
11, 77, 837.475
11, 78, 836.597
11, 79, 835.691
11, 80, 834.767
12, 1, 832.919
12, 2, 832.944
12, 3, 832.994
12, 4, 833.069
12, 5, 833.167
12, 6, 833.288
12, 7, 833.43
12, 8, 833.593
12, 9, 833.774
12, 10, 833.972
12, 11, 834.186
12, 12, 834.413
12, 13, 834.651
12, 14, 834.899
12, 15, 835.154
12, 16, 835.415
12, 17, 835.678
12, 18, 835.943
12, 19, 836.208
12, 20, 836.469
12, 21, 836.727
12, 22, 836.978
12, 23, 837.221
12, 24, 837.455
12, 25, 837.677
12, 26, 837.888
12, 27, 838.084
12, 28, 838.266
12, 29, 838.432
12, 30, 838.58
12, 31, 838.711
12, 32, 838.822
12, 33, 838.914
12, 34, 838.986
12, 35, 839.037
12, 36, 839.066
12, 37, 839.074
12, 38, 839.059
12, 39, 839.021
12, 40, 838.961
12, 41, 838.877
12, 42, 838.77
12, 43, 838.64
12, 44, 838.487
12, 45, 838.31
12, 46, 838.111
12, 47, 837.888
12, 48, 837.643
12, 49, 837.375
12, 50, 837.085
12, 51, 836.773
12, 52, 836.44
12, 53, 836.087
12, 54, 835.713
12, 55, 835.319
12, 56, 834.906
12, 57, 834.475
12, 58, 834.026
12, 59, 833.56
12, 60, 833.077
12, 61, 832.578
12, 62, 832.064
12, 63, 831.534
12, 64, 830.989
12, 65, 830.429
12, 66, 829.853
12, 67, 829.262
12, 68, 828.655
12, 69, 828.03
12, 70, 827.387
12, 71, 826.724
12, 72, 826.039
12, 73, 825.33
12, 74, 824.596
12, 75, 823.837
12, 76, 823.052
12, 77, 822.242
12, 78, 821.412
12, 79, 820.567
12, 80, 819.716
13, 1, 818.021
13, 2, 818.048
13, 3, 818.102
13, 4, 818.182
13, 5, 818.287
13, 6, 818.416
13, 7, 818.569
13, 8, 818.744
13, 9, 818.938
13, 10, 819.151
13, 11, 819.38
13, 12, 819.624
13, 13, 819.88
13, 14, 820.146
13, 15, 820.42
13, 16, 820.7
13, 17, 820.983
13, 18, 821.268
13, 19, 821.552
13, 20, 821.833
13, 21, 822.109
13, 22, 822.379
13, 23, 822.641
13, 24, 822.892
13, 25, 823.131
13, 26, 823.357
13, 27, 823.568
13, 28, 823.764
13, 29, 823.942
13, 30, 824.101
13, 31, 824.241
13, 32, 824.361
13, 33, 824.46
13, 34, 824.537
13, 35, 824.592
13, 36, 824.623
13, 37, 824.631
13, 38, 824.615
13, 39, 824.574
13, 40, 824.509
13, 41, 824.419
13, 42, 824.305
13, 43, 824.165
13, 44, 824
13, 45, 823.81
13, 46, 823.595
13, 47, 823.356
13, 48, 823.092
13, 49, 822.805
13, 50, 822.493
13, 51, 822.159
13, 52, 821.802
13, 53, 821.422
13, 54, 821.022
13, 55, 820.6
13, 56, 820.158
13, 57, 819.697
13, 58, 819.217
13, 59, 818.72
13, 60, 818.205
13, 61, 817.674
13, 62, 817.127
13, 63, 816.565
13, 64, 815.989
13, 65, 815.398
13, 66, 814.793
13, 67, 814.174
13, 68, 813.54
13, 69, 812.893
13, 70, 812.23
13, 71, 811.551
13, 72, 810.856
13, 73, 810.143
13, 74, 809.414
13, 75, 808.667
13, 76, 807.904
13, 77, 807.127
13, 78, 806.34
13, 79, 805.548
13, 80, 804.759
14, 1, 803.194
14, 2, 803.223
14, 3, 803.28
14, 4, 803.365
14, 5, 803.477
14, 6, 803.615
14, 7, 803.777
14, 8, 803.963
14, 9, 804.17
14, 10, 804.397
14, 11, 804.641
14, 12, 804.901
14, 13, 805.173
14, 14, 805.456
14, 15, 805.748
14, 16, 806.046
14, 17, 806.348
14, 18, 806.651
14, 19, 806.954
14, 20, 807.254
14, 21, 807.548
14, 22, 807.836
14, 23, 808.114
14, 24, 808.382
14, 25, 808.637
14, 26, 808.878
14, 27, 809.103
14, 28, 809.311
14, 29, 809.501
14, 30, 809.671
14, 31, 809.821
14, 32, 809.949
14, 33, 810.054
14, 34, 810.136
14, 35, 810.194
14, 36, 810.227
14, 37, 810.236
14, 38, 810.218
14, 39, 810.175
14, 40, 810.105
14, 41, 810.009
14, 42, 809.887
14, 43, 809.737
14, 44, 809.562
14, 45, 809.359
14, 46, 809.13
14, 47, 808.875
14, 48, 808.594
14, 49, 808.288
14, 50, 807.956
14, 51, 807.6
14, 52, 807.22
14, 53, 806.817
14, 54, 806.391
14, 55, 805.943
14, 56, 805.474
14, 57, 804.985
14, 58, 804.476
14, 59, 803.949
14, 60, 803.405
14, 61, 802.844
14, 62, 802.268
14, 63, 801.677
14, 64, 801.072
14, 65, 800.453
14, 66, 799.822
14, 67, 799.178
14, 68, 798.523
14, 69, 797.855
14, 70, 797.176
14, 71, 796.486
14, 72, 795.784
14, 73, 795.071
14, 74, 794.347
14, 75, 793.613
14, 76, 792.872
14, 77, 792.125
14, 78, 791.376
14, 79, 790.631
14, 80, 789.895
15, 1, 788.442
15, 2, 788.472
15, 3, 788.533
15, 4, 788.623
15, 5, 788.741
15, 6, 788.887
15, 7, 789.059
15, 8, 789.255
15, 9, 789.474
15, 10, 789.714
15, 11, 789.972
15, 12, 790.246
15, 13, 790.534
15, 14, 790.834
15, 15, 791.142
15, 16, 791.458
15, 17, 791.777
15, 18, 792.098
15, 19, 792.418
15, 20, 792.735
15, 21, 793.046
15, 22, 793.351
15, 23, 793.645
15, 24, 793.929
15, 25, 794.199
15, 26, 794.454
15, 27, 794.692
15, 28, 794.912
15, 29, 795.113
15, 30, 795.293
15, 31, 795.451
15, 32, 795.587
15, 33, 795.698
15, 34, 795.785
15, 35, 795.846
15, 36, 795.881
15, 37, 795.89
15, 38, 795.872
15, 39, 795.826
15, 40, 795.752
15, 41, 795.65
15, 42, 795.52
15, 43, 795.362
15, 44, 795.175
15, 45, 794.961
15, 46, 794.719
15, 47, 794.449
15, 48, 794.151
15, 49, 793.827
15, 50, 793.477
15, 51, 793.1
15, 52, 792.699
15, 53, 792.273
15, 54, 791.823
15, 55, 791.35
15, 56, 790.856
15, 57, 790.341
15, 58, 789.806
15, 59, 789.252
15, 60, 788.681
15, 61, 788.093
15, 62, 787.489
15, 63, 786.872
15, 64, 786.241
15, 65, 785.598
15, 66, 784.943
15, 67, 784.278
15, 68, 783.603
15, 69, 782.92
15, 70, 782.228
15, 71, 781.529
15, 72, 780.823
15, 73, 780.11
15, 74, 779.394
15, 75, 778.674
15, 76, 777.953
15, 77, 777.233
15, 78, 776.519
15, 79, 775.814
15, 80, 775.125
16, 1, 773.769
16, 2, 773.801
16, 3, 773.864
16, 4, 773.959
16, 5, 774.083
16, 6, 774.236
16, 7, 774.417
16, 8, 774.623
16, 9, 774.853
16, 10, 775.105
16, 11, 775.376
16, 12, 775.664
16, 13, 775.967
16, 14, 776.282
16, 15, 776.606
16, 16, 776.937
16, 17, 777.273
16, 18, 777.61
16, 19, 777.946
16, 20, 778.28
16, 21, 778.607
16, 22, 778.927
16, 23, 779.237
16, 24, 779.535
16, 25, 779.819
16, 26, 780.087
16, 27, 780.338
16, 28, 780.57
16, 29, 780.781
16, 30, 780.97
16, 31, 781.137
16, 32, 781.279
16, 33, 781.396
16, 34, 781.487
16, 35, 781.552
16, 36, 781.589
16, 37, 781.598
16, 38, 781.578
16, 39, 781.529
16, 40, 781.451
16, 41, 781.344
16, 42, 781.207
16, 43, 781.041
16, 44, 780.844
16, 45, 780.619
16, 46, 780.364
16, 47, 780.08
16, 48, 779.767
16, 49, 779.426
16, 50, 779.058
16, 51, 778.662
16, 52, 778.241
16, 53, 777.794
16, 54, 777.322
16, 55, 776.827
16, 56, 776.309
16, 57, 775.769
16, 58, 775.21
16, 59, 774.631
16, 60, 774.035
16, 61, 773.422
16, 62, 772.795
16, 63, 772.153
16, 64, 771.499
16, 65, 770.834
16, 66, 770.159
16, 67, 769.476
16, 68, 768.785
16, 69, 768.088
16, 70, 767.386
16, 71, 766.68
16, 72, 765.971
16, 73, 765.262
16, 74, 764.553
16, 75, 763.846
16, 76, 763.144
16, 77, 762.45
16, 78, 761.767
16, 79, 761.098
16, 80, 760.449
17, 1, 759.179
17, 2, 759.212
17, 3, 759.278
17, 4, 759.377
17, 5, 759.507
17, 6, 759.666
17, 7, 759.855
17, 8, 760.07
17, 9, 760.311
17, 10, 760.574
17, 11, 760.857
17, 12, 761.158
17, 13, 761.474
17, 14, 761.803
17, 15, 762.142
17, 16, 762.488
17, 17, 762.839
17, 18, 763.192
17, 19, 763.543
17, 20, 763.892
17, 21, 764.234
17, 22, 764.569
17, 23, 764.893
17, 24, 765.205
17, 25, 765.502
17, 26, 765.782
17, 27, 766.044
17, 28, 766.287
17, 29, 766.508
17, 30, 766.706
17, 31, 766.88
17, 32, 767.028
17, 33, 767.151
17, 34, 767.246
17, 35, 767.313
17, 36, 767.352
17, 37, 767.361
17, 38, 767.34
17, 39, 767.289
17, 40, 767.207
17, 41, 767.095
17, 42, 766.951
17, 43, 766.777
17, 44, 766.572
17, 45, 766.335
17, 46, 766.068
17, 47, 765.771
17, 48, 765.444
17, 49, 765.088
17, 50, 764.703
17, 51, 764.29
17, 52, 763.849
17, 53, 763.383
17, 54, 762.89
17, 55, 762.374
17, 56, 761.834
17, 57, 761.273
17, 58, 760.691
17, 59, 760.09
17, 60, 759.471
17, 61, 758.836
17, 62, 758.186
17, 63, 757.523
17, 64, 756.849
17, 65, 756.164
17, 66, 755.472
17, 67, 754.773
17, 68, 754.068
17, 69, 753.36
17, 70, 752.65
17, 71, 751.939
17, 72, 751.23
17, 73, 750.524
17, 74, 749.823
17, 75, 749.129
17, 76, 748.445
17, 77, 747.774
17, 78, 747.119
17, 79, 746.482
17, 80, 745.869
18, 1, 744.674
18, 2, 744.708
18, 3, 744.777
18, 4, 744.879
18, 5, 745.014
18, 6, 745.18
18, 7, 745.376
18, 8, 745.6
18, 9, 745.85
18, 10, 746.123
18, 11, 746.418
18, 12, 746.731
18, 13, 747.059
18, 14, 747.402
18, 15, 747.754
18, 16, 748.114
18, 17, 748.479
18, 18, 748.845
18, 19, 749.211
18, 20, 749.574
18, 21, 749.93
18, 22, 750.278
18, 23, 750.615
18, 24, 750.94
18, 25, 751.249
18, 26, 751.541
18, 27, 751.813
18, 28, 752.066
18, 29, 752.296
18, 30, 752.502
18, 31, 752.683
18, 32, 752.837
18, 33, 752.965
18, 34, 753.064
18, 35, 753.134
18, 36, 753.173
18, 37, 753.183
18, 38, 753.161
18, 39, 753.108
18, 40, 753.022
18, 41, 752.905
18, 42, 752.755
18, 43, 752.573
18, 44, 752.359
18, 45, 752.113
18, 46, 751.835
18, 47, 751.526
18, 48, 751.185
18, 49, 750.815
18, 50, 750.414
18, 51, 749.985
18, 52, 749.527
18, 53, 749.042
18, 54, 748.531
18, 55, 747.996
18, 56, 747.436
18, 57, 746.855
18, 58, 746.252
18, 59, 745.63
18, 60, 744.991
18, 61, 744.336
18, 62, 743.666
18, 63, 742.984
18, 64, 742.292
18, 65, 741.591
18, 66, 740.883
18, 67, 740.17
18, 68, 739.454
18, 69, 738.737
18, 70, 738.021
18, 71, 737.307
18, 72, 736.598
18, 73, 735.897
18, 74, 735.204
18, 75, 734.523
18, 76, 733.855
18, 77, 733.205
18, 78, 732.575
18, 79, 731.967
18, 80, 731.386
19, 1, 730.257
19, 2, 730.293
19, 3, 730.364
19, 4, 730.47
19, 5, 730.609
19, 6, 730.781
19, 7, 730.984
19, 8, 731.215
19, 9, 731.473
19, 10, 731.756
19, 11, 732.061
19, 12, 732.385
19, 13, 732.725
19, 14, 733.079
19, 15, 733.444
19, 16, 733.817
19, 17, 734.194
19, 18, 734.574
19, 19, 734.953
19, 20, 735.328
19, 21, 735.697
19, 22, 736.058
19, 23, 736.407
19, 24, 736.743
19, 25, 737.063
19, 26, 737.365
19, 27, 737.648
19, 28, 737.909
19, 29, 738.147
19, 30, 738.361
19, 31, 738.548
19, 32, 738.709
19, 33, 738.84
19, 34, 738.943
19, 35, 739.015
19, 36, 739.056
19, 37, 739.066
19, 38, 739.043
19, 39, 738.987
19, 40, 738.898
19, 41, 738.776
19, 42, 738.621
19, 43, 738.432
19, 44, 738.21
19, 45, 737.955
19, 46, 737.667
19, 47, 737.346
19, 48, 736.993
19, 49, 736.609
19, 50, 736.195
19, 51, 735.75
19, 52, 735.276
19, 53, 734.775
19, 54, 734.247
19, 55, 733.694
19, 56, 733.116
19, 57, 732.516
19, 58, 731.895
19, 59, 731.255
19, 60, 730.597
19, 61, 729.924
19, 62, 729.237
19, 63, 728.539
19, 64, 727.83
19, 65, 727.115
19, 66, 726.394
19, 67, 725.669
19, 68, 724.944
19, 69, 724.22
19, 70, 723.499
19, 71, 722.783
19, 72, 722.076
19, 73, 721.379
19, 74, 720.695
19, 75, 720.025
19, 76, 719.374
19, 77, 718.743
19, 78, 718.135
19, 79, 717.553
19, 80, 717
20, 1, 715.93
20, 2, 715.967
20, 3, 716.041
20, 4, 716.15
20, 5, 716.293
20, 6, 716.47
20, 7, 716.679
20, 8, 716.918
20, 9, 717.184
20, 10, 717.475
20, 11, 717.789
20, 12, 718.123
20, 13, 718.473
20, 14, 718.838
20, 15, 719.214
20, 16, 719.599
20, 17, 719.988
20, 18, 720.379
20, 19, 720.77
20, 20, 721.157
20, 21, 721.538
20, 22, 721.91
20, 23, 722.27
20, 24, 722.616
20, 25, 722.947
20, 26, 723.258
20, 27, 723.55
20, 28, 723.82
20, 29, 724.065
20, 30, 724.286
20, 31, 724.479
20, 32, 724.644
20, 33, 724.78
20, 34, 724.886
20, 35, 724.96
20, 36, 725.002
20, 37, 725.012
20, 38, 724.988
20, 39, 724.93
20, 40, 724.838
20, 41, 724.712
20, 42, 724.551
20, 43, 724.356
20, 44, 724.126
20, 45, 723.863
20, 46, 723.565
20, 47, 723.234
20, 48, 722.87
20, 49, 722.474
20, 50, 722.046
20, 51, 721.588
20, 52, 721.1
20, 53, 720.584
20, 54, 720.04
20, 55, 719.47
20, 56, 718.877
20, 57, 718.26
20, 58, 717.623
20, 59, 716.966
20, 60, 716.292
20, 61, 715.603
20, 62, 714.9
20, 63, 714.187
20, 64, 713.465
20, 65, 712.737
20, 66, 712.005
20, 67, 711.271
20, 68, 710.538
20, 69, 709.808
20, 70, 709.084
20, 71, 708.368
20, 72, 707.663
20, 73, 706.971
20, 74, 706.295
20, 75, 705.637
20, 76, 705
20, 77, 704.387
20, 78, 703.8
20, 79, 703.241
20, 80, 702.713
21, 1, 701.696
21, 2, 701.734
21, 3, 701.809
21, 4, 701.921
21, 5, 702.069
21, 6, 702.251
21, 7, 702.465
21, 8, 702.71
21, 9, 702.983
21, 10, 703.282
21, 11, 703.604
21, 12, 703.947
21, 13, 704.307
21, 14, 704.681
21, 15, 705.067
21, 16, 705.462
21, 17, 705.862
21, 18, 706.264
21, 19, 706.665
21, 20, 707.063
21, 21, 707.454
21, 22, 707.836
21, 23, 708.206
21, 24, 708.562
21, 25, 708.902
21, 26, 709.222
21, 27, 709.522
21, 28, 709.799
21, 29, 710.052
21, 30, 710.278
21, 31, 710.477
21, 32, 710.646
21, 33, 710.786
21, 34, 710.894
21, 35, 710.97
21, 36, 711.013
21, 37, 711.023
21, 38, 710.998
21, 39, 710.938
21, 40, 710.843
21, 41, 710.713
21, 42, 710.548
21, 43, 710.347
21, 44, 710.11
21, 45, 709.839
21, 46, 709.533
21, 47, 709.192
21, 48, 708.818
21, 49, 708.41
21, 50, 707.971
21, 51, 707.5
21, 52, 706.999
21, 53, 706.469
21, 54, 705.912
21, 55, 705.328
21, 56, 704.719
21, 57, 704.088
21, 58, 703.436
21, 59, 702.765
21, 60, 702.076
21, 61, 701.373
21, 62, 700.657
21, 63, 699.932
21, 64, 699.198
21, 65, 698.459
21, 66, 697.718
21, 67, 696.976
21, 68, 696.237
21, 69, 695.503
21, 70, 694.777
21, 71, 694.062
21, 72, 693.359
21, 73, 692.673
21, 74, 692.005
21, 75, 691.358
21, 76, 690.734
21, 77, 690.137
21, 78, 689.569
21, 79, 689.031
21, 80, 688.526
22, 1, 687.557
22, 2, 687.595
22, 3, 687.672
22, 4, 687.787
22, 5, 687.938
22, 6, 688.123
22, 7, 688.342
22, 8, 688.593
22, 9, 688.872
22, 10, 689.178
22, 11, 689.508
22, 12, 689.858
22, 13, 690.227
22, 14, 690.61
22, 15, 691.005
22, 16, 691.409
22, 17, 691.818
22, 18, 692.23
22, 19, 692.64
22, 20, 693.048
22, 21, 693.448
22, 22, 693.839
22, 23, 694.218
22, 24, 694.583
22, 25, 694.931
22, 26, 695.259
22, 27, 695.566
22, 28, 695.85
22, 29, 696.108
22, 30, 696.34
22, 31, 696.543
22, 32, 696.717
22, 33, 696.86
22, 34, 696.97
22, 35, 697.048
22, 36, 697.092
22, 37, 697.101
22, 38, 697.075
22, 39, 697.014
22, 40, 696.916
22, 41, 696.783
22, 42, 696.613
22, 43, 696.406
22, 44, 696.164
22, 45, 695.885
22, 46, 695.571
22, 47, 695.222
22, 48, 694.838
22, 49, 694.421
22, 50, 693.971
22, 51, 693.489
22, 52, 692.976
22, 53, 692.434
22, 54, 691.864
22, 55, 691.267
22, 56, 690.646
22, 57, 690.002
22, 58, 689.337
22, 59, 688.653
22, 60, 687.952
22, 61, 687.236
22, 62, 686.509
22, 63, 685.773
22, 64, 685.029
22, 65, 684.281
22, 66, 683.532
22, 67, 682.785
22, 68, 682.041
22, 69, 681.304
22, 70, 680.577
22, 71, 679.863
22, 72, 679.164
22, 73, 678.483
22, 74, 677.823
22, 75, 677.187
22, 76, 676.576
22, 77, 675.994
22, 78, 675.442
22, 79, 674.924
22, 80, 674.439
23, 1, 673.513
23, 2, 673.552
23, 3, 673.63
23, 4, 673.747
23, 5, 673.901
23, 6, 674.09
23, 7, 674.313
23, 8, 674.569
23, 9, 674.853
23, 10, 675.165
23, 11, 675.501
23, 12, 675.859
23, 13, 676.235
23, 14, 676.626
23, 15, 677.029
23, 16, 677.44
23, 17, 677.858
23, 18, 678.278
23, 19, 678.697
23, 20, 679.113
23, 21, 679.521
23, 22, 679.921
23, 23, 680.308
23, 24, 680.68
23, 25, 681.034
23, 26, 681.37
23, 27, 681.683
23, 28, 681.972
23, 29, 682.236
23, 30, 682.473
23, 31, 682.68
23, 32, 682.858
23, 33, 683.003
23, 34, 683.116
23, 35, 683.195
23, 36, 683.24
23, 37, 683.249
23, 38, 683.222
23, 39, 683.159
23, 40, 683.059
23, 41, 682.922
23, 42, 682.747
23, 43, 682.536
23, 44, 682.288
23, 45, 682.003
23, 46, 681.682
23, 47, 681.325
23, 48, 680.933
23, 49, 680.507
23, 50, 680.047
23, 51, 679.556
23, 52, 679.032
23, 53, 678.48
23, 54, 677.899
23, 55, 677.291
23, 56, 676.658
23, 57, 676.003
23, 58, 675.326
23, 59, 674.631
23, 60, 673.919
23, 61, 673.194
23, 62, 672.457
23, 63, 671.711
23, 64, 670.959
23, 65, 670.205
23, 66, 669.45
23, 67, 668.697
23, 68, 667.95
23, 69, 667.212
23, 70, 666.485
23, 71, 665.773
23, 72, 665.077
23, 73, 664.402
23, 74, 663.75
23, 75, 663.124
23, 76, 662.525
23, 77, 661.956
23, 78, 661.421
23, 79, 660.919
23, 80, 660.454
24, 1, 659.565
24, 2, 659.605
24, 3, 659.685
24, 4, 659.803
24, 5, 659.96
24, 6, 660.152
24, 7, 660.379
24, 8, 660.638
24, 9, 660.928
24, 10, 661.245
24, 11, 661.586
24, 12, 661.95
24, 13, 662.332
24, 14, 662.73
24, 15, 663.139
24, 16, 663.558
24, 17, 663.983
24, 18, 664.41
24, 19, 664.837
24, 20, 665.259
24, 21, 665.675
24, 22, 666.081
24, 23, 666.475
24, 24, 666.854
24, 25, 667.215
24, 26, 667.556
24, 27, 667.875
24, 28, 668.17
24, 29, 668.438
24, 30, 668.679
24, 31, 668.89
24, 32, 669.07
24, 33, 669.218
24, 34, 669.333
24, 35, 669.413
24, 36, 669.458
24, 37, 669.467
24, 38, 669.439
24, 39, 669.374
24, 40, 669.272
24, 41, 669.132
24, 42, 668.954
24, 43, 668.738
24, 44, 668.485
24, 45, 668.195
24, 46, 667.867
24, 47, 667.504
24, 48, 667.104
24, 49, 666.67
24, 50, 666.202
24, 51, 665.701
24, 52, 665.169
24, 53, 664.607
24, 54, 664.016
24, 55, 663.399
24, 56, 662.757
24, 57, 662.091
24, 58, 661.405
24, 59, 660.7
24, 60, 659.98
24, 61, 659.246
24, 62, 658.501
24, 63, 657.748
24, 64, 656.989
24, 65, 656.229
24, 66, 655.469
24, 67, 654.713
24, 68, 653.964
24, 69, 653.225
24, 70, 652.499
24, 71, 651.79
24, 72, 651.099
24, 73, 650.43
24, 74, 649.785
24, 75, 649.168
24, 76, 648.58
24, 77, 648.025
24, 78, 647.503
24, 79, 647.017
24, 80, 646.569
25, 1, 645.715
25, 2, 645.756
25, 3, 645.836
25, 4, 645.957
25, 5, 646.115
25, 6, 646.31
25, 7, 646.54
25, 8, 646.803
25, 9, 647.096
25, 10, 647.418
25, 11, 647.764
25, 12, 648.132
25, 13, 648.52
25, 14, 648.923
25, 15, 649.339
25, 16, 649.763
25, 17, 650.194
25, 18, 650.627
25, 19, 651.06
25, 20, 651.489
25, 21, 651.911
25, 22, 652.323
25, 23, 652.723
25, 24, 653.107
25, 25, 653.473
25, 26, 653.819
25, 27, 654.143
25, 28, 654.442
25, 29, 654.715
25, 30, 654.959
25, 31, 655.173
25, 32, 655.356
25, 33, 655.506
25, 34, 655.622
25, 35, 655.703
25, 36, 655.748
25, 37, 655.757
25, 38, 655.728
25, 39, 655.662
25, 40, 655.557
25, 41, 655.414
25, 42, 655.233
25, 43, 655.014
25, 44, 654.756
25, 45, 654.461
25, 46, 654.128
25, 47, 653.758
25, 48, 653.352
25, 49, 652.911
25, 50, 652.436
25, 51, 651.928
25, 52, 651.388
25, 53, 650.818
25, 54, 650.219
25, 55, 649.593
25, 56, 648.942
25, 57, 648.269
25, 58, 647.574
25, 59, 646.862
25, 60, 646.134
25, 61, 645.393
25, 62, 644.641
25, 63, 643.882
25, 64, 643.119
25, 65, 642.354
25, 66, 641.591
25, 67, 640.833
25, 68, 640.084
25, 69, 639.345
25, 70, 638.621
25, 71, 637.914
25, 72, 637.227
25, 73, 636.564
25, 74, 635.928
25, 75, 635.319
25, 76, 634.742
25, 77, 634.199
25, 78, 633.69
25, 79, 633.219
25, 80, 632.785
26, 1, 631.963
26, 2, 632.004
26, 3, 632.086
26, 4, 632.207
26, 5, 632.367
26, 6, 632.564
26, 7, 632.797
26, 8, 633.063
26, 9, 633.359
26, 10, 633.684
26, 11, 634.034
26, 12, 634.407
26, 13, 634.799
26, 14, 635.206
26, 15, 635.627
26, 16, 636.057
26, 17, 636.492
26, 18, 636.931
26, 19, 637.368
26, 20, 637.802
26, 21, 638.229
26, 22, 638.647
26, 23, 639.051
26, 24, 639.44
26, 25, 639.811
26, 26, 640.161
26, 27, 640.489
26, 28, 640.791
26, 29, 641.067
26, 30, 641.314
26, 31, 641.53
26, 32, 641.715
26, 33, 641.867
26, 34, 641.984
26, 35, 642.066
26, 36, 642.111
26, 37, 642.119
26, 38, 642.09
26, 39, 642.022
26, 40, 641.916
26, 41, 641.771
26, 42, 641.587
26, 43, 641.364
26, 44, 641.102
26, 45, 640.803
26, 46, 640.465
26, 47, 640.09
26, 48, 639.679
26, 49, 639.232
26, 50, 638.75
26, 51, 638.236
26, 52, 637.689
26, 53, 637.112
26, 54, 636.506
26, 55, 635.873
26, 56, 635.216
26, 57, 634.536
26, 58, 633.835
26, 59, 633.116
26, 60, 632.382
26, 61, 631.635
26, 62, 630.879
26, 63, 630.116
26, 64, 629.349
26, 65, 628.581
26, 66, 627.816
26, 67, 627.057
26, 68, 626.307
26, 69, 625.57
26, 70, 624.848
26, 71, 624.144
26, 72, 623.463
26, 73, 622.806
26, 74, 622.177
26, 75, 621.577
26, 76, 621.01
26, 77, 620.478
26, 78, 619.981
26, 79, 619.523
26, 80, 619.103
27, 1, 618.31
27, 2, 618.351
27, 3, 618.433
27, 4, 618.556
27, 5, 618.717
27, 6, 618.916
27, 7, 619.15
27, 8, 619.418
27, 9, 619.717
27, 10, 620.045
27, 11, 620.398
27, 12, 620.774
27, 13, 621.169
27, 14, 621.581
27, 15, 622.005
27, 16, 622.439
27, 17, 622.878
27, 18, 623.321
27, 19, 623.762
27, 20, 624.2
27, 21, 624.631
27, 22, 625.053
27, 23, 625.461
27, 24, 625.853
27, 25, 626.228
27, 26, 626.582
27, 27, 626.912
27, 28, 627.218
27, 29, 627.496
27, 30, 627.745
27, 31, 627.964
27, 32, 628.15
27, 33, 628.303
27, 34, 628.421
27, 35, 628.503
27, 36, 628.549
27, 37, 628.556
27, 38, 628.526
27, 39, 628.457
27, 40, 628.349
27, 41, 628.202
27, 42, 628.015
27, 43, 627.789
27, 44, 627.525
27, 45, 627.221
27, 46, 626.879
27, 47, 626.5
27, 48, 626.084
27, 49, 625.632
27, 50, 625.146
27, 51, 624.626
27, 52, 624.074
27, 53, 623.491
27, 54, 622.879
27, 55, 622.241
27, 56, 621.578
27, 57, 620.892
27, 58, 620.186
27, 59, 619.463
27, 60, 618.724
27, 61, 617.973
27, 62, 617.213
27, 63, 616.447
27, 64, 615.678
27, 65, 614.908
27, 66, 614.143
27, 67, 613.384
27, 68, 612.635
27, 69, 611.899
27, 70, 611.18
27, 71, 610.481
27, 72, 609.805
27, 73, 609.154
27, 74, 608.532
27, 75, 607.941
27, 76, 607.383
27, 77, 606.861
27, 78, 606.376
27, 79, 605.929
27, 80, 605.523
28, 1, 604.755
28, 2, 604.796
28, 3, 604.879
28, 4, 605.002
28, 5, 605.164
28, 6, 605.364
28, 7, 605.6
28, 8, 605.87
28, 9, 606.171
28, 10, 606.5
28, 11, 606.856
28, 12, 607.234
28, 13, 607.632
28, 14, 608.046
28, 15, 608.473
28, 16, 608.91
28, 17, 609.352
28, 18, 609.798
28, 19, 610.243
28, 20, 610.684
28, 21, 611.118
28, 22, 611.542
28, 23, 611.953
28, 24, 612.348
28, 25, 612.725
28, 26, 613.082
28, 27, 613.415
28, 28, 613.722
28, 29, 614.003
28, 30, 614.254
28, 31, 614.474
28, 32, 614.661
28, 33, 614.815
28, 34, 614.933
28, 35, 615.016
28, 36, 615.061
28, 37, 615.068
28, 38, 615.037
28, 39, 614.967
28, 40, 614.857
28, 41, 614.708
28, 42, 614.52
28, 43, 614.291
28, 44, 614.024
28, 45, 613.717
28, 46, 613.372
28, 47, 612.989
28, 48, 612.569
28, 49, 612.113
28, 50, 611.623
28, 51, 611.098
28, 52, 610.542
28, 53, 609.955
28, 54, 609.339
28, 55, 608.696
28, 56, 608.029
28, 57, 607.339
28, 58, 606.63
28, 59, 605.902
28, 60, 605.161
28, 61, 604.407
28, 62, 603.645
28, 63, 602.877
28, 64, 602.106
28, 65, 601.336
28, 66, 600.571
28, 67, 599.813
28, 68, 599.066
28, 69, 598.333
28, 70, 597.617
28, 71, 596.923
28, 72, 596.252
28, 73, 595.607
28, 74, 594.992
28, 75, 594.409
28, 76, 593.861
28, 77, 593.348
28, 78, 592.873
28, 79, 592.438
28, 80, 592.042
29, 1, 591.298
29, 2, 591.339
29, 3, 591.422
29, 4, 591.546
29, 5, 591.709
29, 6, 591.91
29, 7, 592.146
29, 8, 592.417
29, 9, 592.719
29, 10, 593.05
29, 11, 593.407
29, 12, 593.787
29, 13, 594.187
29, 14, 594.602
29, 15, 595.031
29, 16, 595.47
29, 17, 595.915
29, 18, 596.362
29, 19, 596.809
29, 20, 597.252
29, 21, 597.688
29, 22, 598.115
29, 23, 598.528
29, 24, 598.925
29, 25, 599.304
29, 26, 599.662
29, 27, 599.997
29, 28, 600.306
29, 29, 600.587
29, 30, 600.84
29, 31, 601.061
29, 32, 601.249
29, 33, 601.403
29, 34, 601.522
29, 35, 601.604
29, 36, 601.649
29, 37, 601.656
29, 38, 601.624
29, 39, 601.553
29, 40, 601.442
29, 41, 601.291
29, 42, 601.101
29, 43, 600.87
29, 44, 600.6
29, 45, 600.291
29, 46, 599.943
29, 47, 599.558
29, 48, 599.135
29, 49, 598.676
29, 50, 598.182
29, 51, 597.654
29, 52, 597.094
29, 53, 596.504
29, 54, 595.885
29, 55, 595.239
29, 56, 594.569
29, 57, 593.877
29, 58, 593.164
29, 59, 592.435
29, 60, 591.691
29, 61, 590.936
29, 62, 590.173
29, 63, 589.404
29, 64, 588.633
29, 65, 587.864
29, 66, 587.1
29, 67, 586.344
29, 68, 585.599
29, 69, 584.869
29, 70, 584.158
29, 71, 583.468
29, 72, 582.803
29, 73, 582.165
29, 74, 581.557
29, 75, 580.982
29, 76, 580.442
29, 77, 579.938
29, 78, 579.473
29, 79, 579.047
29, 80, 578.662
30, 1, 577.939
30, 2, 577.98
30, 3, 578.064
30, 4, 578.187
30, 5, 578.35
30, 6, 578.552
30, 7, 578.789
30, 8, 579.06
30, 9, 579.363
30, 10, 579.695
30, 11, 580.052
30, 12, 580.433
30, 13, 580.833
30, 14, 581.25
30, 15, 581.68
30, 16, 582.12
30, 17, 582.565
30, 18, 583.014
30, 19, 583.462
30, 20, 583.907
30, 21, 584.344
30, 22, 584.771
30, 23, 585.186
30, 24, 585.584
30, 25, 585.964
30, 26, 586.323
30, 27, 586.659
30, 28, 586.969
30, 29, 587.251
30, 30, 587.504
30, 31, 587.725
30, 32, 587.914
30, 33, 588.068
30, 34, 588.187
30, 35, 588.269
30, 36, 588.313
30, 37, 588.32
30, 38, 588.287
30, 39, 588.215
30, 40, 588.103
30, 41, 587.951
30, 42, 587.759
30, 43, 587.527
30, 44, 587.255
30, 45, 586.944
30, 46, 586.594
30, 47, 586.206
30, 48, 585.781
30, 49, 585.32
30, 50, 584.824
30, 51, 584.294
30, 52, 583.732
30, 53, 583.139
30, 54, 582.518
30, 55, 581.87
30, 56, 581.198
30, 57, 580.504
30, 58, 579.79
30, 59, 579.06
30, 60, 578.315
30, 61, 577.56
30, 62, 576.796
30, 63, 576.028
30, 64, 575.259
30, 65, 574.491
30, 66, 573.729
30, 67, 572.975
30, 68, 572.234
30, 69, 571.508
30, 70, 570.802
30, 71, 570.117
30, 72, 569.457
30, 73, 568.826
30, 74, 568.225
30, 75, 567.657
30, 76, 567.125
30, 77, 566.63
30, 78, 566.174
30, 79, 565.757
30, 80, 565.382
31, 1, 564.677
31, 2, 564.719
31, 3, 564.802
31, 4, 564.926
31, 5, 565.089
31, 6, 565.29
31, 7, 565.527
31, 8, 565.798
31, 9, 566.101
31, 10, 566.433
31, 11, 566.79
31, 12, 567.171
31, 13, 567.572
31, 14, 567.989
31, 15, 568.419
31, 16, 568.858
31, 17, 569.304
31, 18, 569.753
31, 19, 570.202
31, 20, 570.646
31, 21, 571.084
31, 22, 571.512
31, 23, 571.927
31, 24, 572.325
31, 25, 572.706
31, 26, 573.065
31, 27, 573.401
31, 28, 573.711
31, 29, 573.993
31, 30, 574.246
31, 31, 574.467
31, 32, 574.656
31, 33, 574.81
31, 34, 574.928
31, 35, 575.01
31, 36, 575.054
31, 37, 575.06
31, 38, 575.026
31, 39, 574.953
31, 40, 574.84
31, 41, 574.687
31, 42, 574.494
31, 43, 574.261
31, 44, 573.988
31, 45, 573.675
31, 46, 573.324
31, 47, 572.935
31, 48, 572.508
31, 49, 572.046
31, 50, 571.548
31, 51, 571.016
31, 52, 570.453
31, 53, 569.859
31, 54, 569.237
31, 55, 568.588
31, 56, 567.916
31, 57, 567.221
31, 58, 566.507
31, 59, 565.777
31, 60, 565.033
31, 61, 564.278
31, 62, 563.516
31, 63, 562.749
31, 64, 561.982
31, 65, 561.217
31, 66, 560.457
31, 67, 559.707
31, 68, 558.97
31, 69, 558.249
31, 70, 557.547
31, 71, 556.867
31, 72, 556.214
31, 73, 555.589
31, 74, 554.995
31, 75, 554.434
31, 76, 553.91
31, 77, 553.423
31, 78, 552.975
31, 79, 552.567
31, 80, 552.2
32, 1, 551.512
32, 2, 551.554
32, 3, 551.637
32, 4, 551.76
32, 5, 551.923
32, 6, 552.124
32, 7, 552.36
32, 8, 552.631
32, 9, 552.933
32, 10, 553.264
32, 11, 553.621
32, 12, 554.001
32, 13, 554.401
32, 14, 554.818
32, 15, 555.247
32, 16, 555.686
32, 17, 556.131
32, 18, 556.58
32, 19, 557.028
32, 20, 557.472
32, 21, 557.909
32, 22, 558.336
32, 23, 558.75
32, 24, 559.149
32, 25, 559.529
32, 26, 559.888
32, 27, 560.223
32, 28, 560.533
32, 29, 560.815
32, 30, 561.067
32, 31, 561.288
32, 32, 561.476
32, 33, 561.629
32, 34, 561.747
32, 35, 561.828
32, 36, 561.872
32, 37, 561.877
32, 38, 561.843
32, 39, 561.769
32, 40, 561.655
32, 41, 561.501
32, 42, 561.307
32, 43, 561.073
32, 44, 560.799
32, 45, 560.486
32, 46, 560.134
32, 47, 559.744
32, 48, 559.316
32, 49, 558.853
32, 50, 558.355
32, 51, 557.823
32, 52, 557.259
32, 53, 556.665
32, 54, 556.043
32, 55, 555.394
32, 56, 554.722
32, 57, 554.028
32, 58, 553.315
32, 59, 552.585
32, 60, 551.843
32, 61, 551.09
32, 62, 550.33
32, 63, 549.566
32, 64, 548.801
32, 65, 548.039
32, 66, 547.284
32, 67, 546.538
32, 68, 545.805
32, 69, 545.089
32, 70, 544.392
32, 71, 543.719
32, 72, 543.071
32, 73, 542.453
32, 74, 541.865
32, 75, 541.312
32, 76, 540.795
32, 77, 540.315
32, 78, 539.875
32, 79, 539.474
32, 80, 539.115
33, 1, 538.443
33, 2, 538.484
33, 3, 538.567
33, 4, 538.69
33, 5, 538.852
33, 6, 539.052
33, 7, 539.288
33, 8, 539.558
33, 9, 539.859
33, 10, 540.189
33, 11, 540.544
33, 12, 540.923
33, 13, 541.322
33, 14, 541.736
33, 15, 542.164
33, 16, 542.602
33, 17, 543.046
33, 18, 543.493
33, 19, 543.94
33, 20, 544.382
33, 21, 544.818
33, 22, 545.244
33, 23, 545.657
33, 24, 546.054
33, 25, 546.433
33, 26, 546.791
33, 27, 547.125
33, 28, 547.434
33, 29, 547.715
33, 30, 547.966
33, 31, 548.186
33, 32, 548.374
33, 33, 548.526
33, 34, 548.643
33, 35, 548.724
33, 36, 548.767
33, 37, 548.771
33, 38, 548.736
33, 39, 548.662
33, 40, 548.547
33, 41, 548.393
33, 42, 548.198
33, 43, 547.964
33, 44, 547.689
33, 45, 547.376
33, 46, 547.023
33, 47, 546.633
33, 48, 546.205
33, 49, 545.742
33, 50, 545.244
33, 51, 544.712
33, 52, 544.149
33, 53, 543.556
33, 54, 542.934
33, 55, 542.287
33, 56, 541.616
33, 57, 540.923
33, 58, 540.212
33, 59, 539.485
33, 60, 538.745
33, 61, 537.995
33, 62, 537.238
33, 63, 536.477
33, 64, 535.716
33, 65, 534.958
33, 66, 534.207
33, 67, 533.466
33, 68, 532.738
33, 69, 532.028
33, 70, 531.337
33, 71, 530.669
33, 72, 530.028
33, 73, 529.416
33, 74, 528.835
33, 75, 528.289
33, 76, 527.779
33, 77, 527.306
33, 78, 526.873
33, 79, 526.479
33, 80, 526.127
34, 1, 525.468
34, 2, 525.51
34, 3, 525.592
34, 4, 525.714
34, 5, 525.875
34, 6, 526.074
34, 7, 526.309
34, 8, 526.577
34, 9, 526.877
34, 10, 527.205
34, 11, 527.559
34, 12, 527.935
34, 13, 528.332
34, 14, 528.745
34, 15, 529.17
34, 16, 529.606
34, 17, 530.048
34, 18, 530.493
34, 19, 530.937
34, 20, 531.378
34, 21, 531.811
34, 22, 532.235
34, 23, 532.646
34, 24, 533.042
34, 25, 533.419
34, 26, 533.775
34, 27, 534.107
34, 28, 534.415
34, 29, 534.694
34, 30, 534.944
34, 31, 535.163
34, 32, 535.349
34, 33, 535.501
34, 34, 535.617
34, 35, 535.696
34, 36, 535.738
34, 37, 535.742
34, 38, 535.706
34, 39, 535.631
34, 40, 535.516
34, 41, 535.361
34, 42, 535.167
34, 43, 534.932
34, 44, 534.657
34, 45, 534.344
34, 46, 533.992
34, 47, 533.602
34, 48, 533.175
34, 49, 532.712
34, 50, 532.215
34, 51, 531.685
34, 52, 531.123
34, 53, 530.531
34, 54, 529.911
34, 55, 529.266
34, 56, 528.597
34, 57, 527.907
34, 58, 527.199
34, 59, 526.475
34, 60, 525.738
34, 61, 524.991
34, 62, 524.238
34, 63, 523.482
34, 64, 522.726
34, 65, 521.973
34, 66, 521.227
34, 67, 520.491
34, 68, 519.769
34, 69, 519.064
34, 70, 518.379
34, 71, 517.718
34, 72, 517.083
34, 73, 516.477
34, 74, 515.903
34, 75, 515.364
34, 76, 514.86
34, 77, 514.394
34, 78, 513.967
34, 79, 513.58
34, 80, 513.234
35, 1, 512.587
35, 2, 512.629
35, 3, 512.71
35, 4, 512.832
35, 5, 512.992
35, 6, 513.189
35, 7, 513.422
35, 8, 513.689
35, 9, 513.986
35, 10, 514.312
35, 11, 514.663
35, 12, 515.037
35, 13, 515.431
35, 14, 515.841
35, 15, 516.264
35, 16, 516.697
35, 17, 517.136
35, 18, 517.578
35, 19, 518.019
35, 20, 518.457
35, 21, 518.888
35, 22, 519.309
35, 23, 519.718
35, 24, 520.11
35, 25, 520.485
35, 26, 520.839
35, 27, 521.169
35, 28, 521.474
35, 29, 521.752
35, 30, 522
35, 31, 522.217
35, 32, 522.402
35, 33, 522.552
35, 34, 522.667
35, 35, 522.745
35, 36, 522.786
35, 37, 522.789
35, 38, 522.753
35, 39, 522.677
35, 40, 522.562
35, 41, 522.407
35, 42, 522.212
35, 43, 521.978
35, 44, 521.704
35, 45, 521.391
35, 46, 521.04
35, 47, 520.651
35, 48, 520.225
35, 49, 519.764
35, 50, 519.268
35, 51, 518.739
35, 52, 518.18
35, 53, 517.59
35, 54, 516.973
35, 55, 516.331
35, 56, 515.665
35, 57, 514.978
35, 58, 514.274
35, 59, 513.554
35, 60, 512.821
35, 61, 512.079
35, 62, 511.331
35, 63, 510.58
35, 64, 509.828
35, 65, 509.081
35, 66, 508.341
35, 67, 507.611
35, 68, 506.895
35, 69, 506.196
35, 70, 505.518
35, 71, 504.863
35, 72, 504.234
35, 73, 503.635
35, 74, 503.068
35, 75, 502.535
35, 76, 502.037
35, 77, 501.577
35, 78, 501.157
35, 79, 500.775
35, 80, 500.435
36, 1, 499.799
36, 2, 499.84
36, 3, 499.921
36, 4, 500.041
36, 5, 500.2
36, 6, 500.396
36, 7, 500.627
36, 8, 500.891
36, 9, 501.185
36, 10, 501.509
36, 11, 501.857
36, 12, 502.228
36, 13, 502.619
36, 14, 503.025
36, 15, 503.445
36, 16, 503.874
36, 17, 504.309
36, 18, 504.747
36, 19, 505.185
36, 20, 505.62
36, 21, 506.047
36, 22, 506.465
36, 23, 506.87
36, 24, 507.26
36, 25, 507.631
36, 26, 507.982
36, 27, 508.31
36, 28, 508.613
36, 29, 508.888
36, 30, 509.134
36, 31, 509.349
36, 32, 509.531
36, 33, 509.68
36, 34, 509.793
36, 35, 509.871
36, 36, 509.91
36, 37, 509.912
36, 38, 509.876
36, 39, 509.8
36, 40, 509.685
36, 41, 509.53
36, 42, 509.335
36, 43, 509.101
36, 44, 508.828
36, 45, 508.516
36, 46, 508.166
36, 47, 507.779
36, 48, 507.355
36, 49, 506.895
36, 50, 506.402
36, 51, 505.876
36, 52, 505.319
36, 53, 504.733
36, 54, 504.119
36, 55, 503.48
36, 56, 502.819
36, 57, 502.136
36, 58, 501.436
36, 59, 500.721
36, 60, 499.994
36, 61, 499.257
36, 62, 498.514
36, 63, 497.769
36, 64, 497.023
36, 65, 496.282
36, 66, 495.548
36, 67, 494.825
36, 68, 494.115
36, 69, 493.423
36, 70, 492.751
36, 71, 492.103
36, 72, 491.481
36, 73, 490.888
36, 74, 490.327
36, 75, 489.8
36, 76, 489.309
36, 77, 488.855
36, 78, 488.44
36, 79, 488.064
36, 80, 487.728
37, 1, 487.102
37, 2, 487.142
37, 3, 487.222
37, 4, 487.341
37, 5, 487.498
37, 6, 487.692
37, 7, 487.921
37, 8, 488.182
37, 9, 488.474
37, 10, 488.794
37, 11, 489.139
37, 12, 489.506
37, 13, 489.893
37, 14, 490.295
37, 15, 490.711
37, 16, 491.136
37, 17, 491.567
37, 18, 492.001
37, 19, 492.435
37, 20, 492.865
37, 21, 493.288
37, 22, 493.702
37, 23, 494.103
37, 24, 494.489
37, 25, 494.857
37, 26, 495.205
37, 27, 495.529
37, 28, 495.829
37, 29, 496.101
37, 30, 496.345
37, 31, 496.557
37, 32, 496.738
37, 33, 496.884
37, 34, 496.996
37, 35, 497.072
37, 36, 497.111
37, 37, 497.112
37, 38, 497.075
37, 39, 496.998
37, 40, 496.883
37, 41, 496.729
37, 42, 496.535
37, 43, 496.301
37, 44, 496.029
37, 45, 495.719
37, 46, 495.371
37, 47, 494.985
37, 48, 494.564
37, 49, 494.107
37, 50, 493.617
37, 51, 493.094
37, 52, 492.541
37, 53, 491.958
37, 54, 491.349
37, 55, 490.714
37, 56, 490.057
37, 57, 489.38
37, 58, 488.685
37, 59, 487.976
37, 60, 487.254
37, 61, 486.523
37, 62, 485.787
37, 63, 485.048
37, 64, 484.309
37, 65, 483.574
37, 66, 482.847
37, 67, 482.13
37, 68, 481.428
37, 69, 480.742
37, 70, 480.078
37, 71, 479.436
37, 72, 478.821
37, 73, 478.235
37, 74, 477.68
37, 75, 477.159
37, 76, 476.673
37, 77, 476.225
37, 78, 475.815
37, 79, 475.444
37, 80, 475.112
38, 1, 474.494
38, 2, 474.534
38, 3, 474.613
38, 4, 474.731
38, 5, 474.886
38, 6, 475.078
38, 7, 475.303
38, 8, 475.562
38, 9, 475.85
38, 10, 476.167
38, 11, 476.508
38, 12, 476.871
38, 13, 477.253
38, 14, 477.651
38, 15, 478.062
38, 16, 478.482
38, 17, 478.908
38, 18, 479.337
38, 19, 479.766
38, 20, 480.192
38, 21, 480.61
38, 22, 481.02
38, 23, 481.416
38, 24, 481.798
38, 25, 482.162
38, 26, 482.505
38, 27, 482.826
38, 28, 483.122
38, 29, 483.391
38, 30, 483.632
38, 31, 483.842
38, 32, 484.02
38, 33, 484.165
38, 34, 484.275
38, 35, 484.349
38, 36, 484.386
38, 37, 484.387
38, 38, 484.349
38, 39, 484.273
38, 40, 484.157
38, 41, 484.003
38, 42, 483.81
38, 43, 483.578
38, 44, 483.308
38, 45, 482.999
38, 46, 482.653
38, 47, 482.27
38, 48, 481.851
38, 49, 481.398
38, 50, 480.911
38, 51, 480.392
38, 52, 479.843
38, 53, 479.265
38, 54, 478.661
38, 55, 478.032
38, 56, 477.38
38, 57, 476.709
38, 58, 476.02
38, 59, 475.316
38, 60, 474.601
38, 61, 473.877
38, 62, 473.148
38, 63, 472.415
38, 64, 471.684
38, 65, 470.956
38, 66, 470.236
38, 67, 469.527
38, 68, 468.832
38, 69, 468.153
38, 70, 467.496
38, 71, 466.861
38, 72, 466.253
38, 73, 465.673
38, 74, 465.124
38, 75, 464.609
38, 76, 464.129
38, 77, 463.686
38, 78, 463.28
38, 79, 462.913
38, 80, 462.585
39, 1, 461.974
39, 2, 462.013
39, 3, 462.092
39, 4, 462.208
39, 5, 462.361
39, 6, 462.55
39, 7, 462.773
39, 8, 463.028
39, 9, 463.313
39, 10, 463.625
39, 11, 463.962
39, 12, 464.32
39, 13, 464.697
39, 14, 465.09
39, 15, 465.496
39, 16, 465.911
39, 17, 466.332
39, 18, 466.755
39, 19, 467.179
39, 20, 467.599
39, 21, 468.012
39, 22, 468.416
39, 23, 468.808
39, 24, 469.185
39, 25, 469.544
39, 26, 469.883
39, 27, 470.2
39, 28, 470.492
39, 29, 470.758
39, 30, 470.995
39, 31, 471.202
39, 32, 471.377
39, 33, 471.52
39, 34, 471.628
39, 35, 471.7
39, 36, 471.737
39, 37, 471.736
39, 38, 471.698
39, 39, 471.621
39, 40, 471.506
39, 41, 471.353
39, 42, 471.161
39, 43, 470.93
39, 44, 470.662
39, 45, 470.355
39, 46, 470.012
39, 47, 469.632
39, 48, 469.216
39, 49, 468.767
39, 50, 468.284
39, 51, 467.77
39, 52, 467.226
39, 53, 466.653
39, 54, 466.054
39, 55, 465.431
39, 56, 464.785
39, 57, 464.12
39, 58, 463.438
39, 59, 462.742
39, 60, 462.034
39, 61, 461.317
39, 62, 460.595
39, 63, 459.87
39, 64, 459.147
39, 65, 458.427
39, 66, 457.715
39, 67, 457.013
39, 68, 456.325
39, 69, 455.654
39, 70, 455.004
39, 71, 454.376
39, 72, 453.774
39, 73, 453.201
39, 74, 452.658
39, 75, 452.149
39, 76, 451.674
39, 77, 451.235
39, 78, 450.834
39, 79, 450.471
39, 80, 450.146
40, 1, 449.541
40, 2, 449.58
40, 3, 449.657
40, 4, 449.771
40, 5, 449.922
40, 6, 450.108
40, 7, 450.328
40, 8, 450.58
40, 9, 450.86
40, 10, 451.168
40, 11, 451.5
40, 12, 451.853
40, 13, 452.225
40, 14, 452.612
40, 15, 453.012
40, 16, 453.421
40, 17, 453.836
40, 18, 454.254
40, 19, 454.671
40, 20, 455.085
40, 21, 455.493
40, 22, 455.892
40, 23, 456.278
40, 24, 456.649
40, 25, 457.004
40, 26, 457.338
40, 27, 457.65
40, 28, 457.938
40, 29, 458.199
40, 30, 458.433
40, 31, 458.637
40, 32, 458.809
40, 33, 458.949
40, 34, 459.055
40, 35, 459.126
40, 36, 459.161
40, 37, 459.159
40, 38, 459.121
40, 39, 459.044
40, 40, 458.93
40, 41, 458.777
40, 42, 458.586
40, 43, 458.357
40, 44, 458.091
40, 45, 457.787
40, 46, 457.446
40, 47, 457.07
40, 48, 456.659
40, 49, 456.213
40, 50, 455.735
40, 51, 455.226
40, 52, 454.687
40, 53, 454.12
40, 54, 453.528
40, 55, 452.911
40, 56, 452.272
40, 57, 451.614
40, 58, 450.94
40, 59, 450.251
40, 60, 449.551
40, 61, 448.842
40, 62, 448.128
40, 63, 447.411
40, 64, 446.696
40, 65, 445.984
40, 66, 445.28
40, 67, 444.586
40, 68, 443.906
40, 69, 443.243
40, 70, 442.6
40, 71, 441.979
40, 72, 441.384
40, 73, 440.817
40, 74, 440.281
40, 75, 439.776
40, 76, 439.306
40, 77, 438.872
40, 78, 438.475
40, 79, 438.115
40, 80, 437.793
41, 1, 437.192
41, 2, 437.23
41, 3, 437.306
41, 4, 437.419
41, 5, 437.567
41, 6, 437.751
41, 7, 437.967
41, 8, 438.214
41, 9, 438.491
41, 10, 438.794
41, 11, 439.12
41, 12, 439.468
41, 13, 439.834
41, 14, 440.215
41, 15, 440.609
41, 16, 441.012
41, 17, 441.42
41, 18, 441.831
41, 19, 442.243
41, 20, 442.65
41, 21, 443.052
41, 22, 443.444
41, 23, 443.824
41, 24, 444.19
41, 25, 444.539
41, 26, 444.868
41, 27, 445.175
41, 28, 445.458
41, 29, 445.715
41, 30, 445.945
41, 31, 446.145
41, 32, 446.315
41, 33, 446.452
41, 34, 446.555
41, 35, 446.625
41, 36, 446.658
41, 37, 446.656
41, 38, 446.617
41, 39, 446.54
41, 40, 446.426
41, 41, 446.275
41, 42, 446.085
41, 43, 445.858
41, 44, 445.594
41, 45, 445.293
41, 46, 444.956
41, 47, 444.584
41, 48, 444.177
41, 49, 443.736
41, 50, 443.263
41, 51, 442.76
41, 52, 442.227
41, 53, 441.667
41, 54, 441.08
41, 55, 440.471
41, 56, 439.84
41, 57, 439.189
41, 58, 438.523
41, 59, 437.842
41, 60, 437.15
41, 61, 436.45
41, 62, 435.744
41, 63, 435.036
41, 64, 434.329
41, 65, 433.626
41, 66, 432.931
41, 67, 432.245
41, 68, 431.573
41, 69, 430.918
41, 70, 430.282
41, 71, 429.669
41, 72, 429.08
41, 73, 428.52
41, 74, 427.989
41, 75, 427.49
41, 76, 427.025
41, 77, 426.594
41, 78, 426.2
41, 79, 425.843
41, 80, 425.524
42, 1, 424.926
42, 2, 424.964
42, 3, 425.038
42, 4, 425.149
42, 5, 425.295
42, 6, 425.475
42, 7, 425.688
42, 8, 425.931
42, 9, 426.203
42, 10, 426.5
42, 11, 426.821
42, 12, 427.163
42, 13, 427.523
42, 14, 427.898
42, 15, 428.285
42, 16, 428.681
42, 17, 429.082
42, 18, 429.487
42, 19, 429.891
42, 20, 430.292
42, 21, 430.687
42, 22, 431.072
42, 23, 431.446
42, 24, 431.806
42, 25, 432.148
42, 26, 432.472
42, 27, 432.774
42, 28, 433.052
42, 29, 433.305
42, 30, 433.53
42, 31, 433.727
42, 32, 433.893
42, 33, 434.027
42, 34, 434.128
42, 35, 434.195
42, 36, 434.228
42, 37, 434.224
42, 38, 434.185
42, 39, 434.109
42, 40, 433.995
42, 41, 433.845
42, 42, 433.657
42, 43, 433.433
42, 44, 433.171
42, 45, 432.873
42, 46, 432.54
42, 47, 432.172
42, 48, 431.769
42, 49, 431.334
42, 50, 430.867
42, 51, 430.37
42, 52, 429.843
42, 53, 429.29
42, 54, 428.711
42, 55, 428.109
42, 56, 427.486
42, 57, 426.844
42, 58, 426.186
42, 59, 425.514
42, 60, 424.831
42, 61, 424.14
42, 62, 423.443
42, 63, 422.744
42, 64, 422.046
42, 65, 421.352
42, 66, 420.665
42, 67, 419.988
42, 68, 419.325
42, 69, 418.677
42, 70, 418.049
42, 71, 417.443
42, 72, 416.861
42, 73, 416.307
42, 74, 415.782
42, 75, 415.288
42, 76, 414.827
42, 77, 414.4
42, 78, 414.009
42, 79, 413.654
42, 80, 413.336
43, 1, 412.742
43, 2, 412.778
43, 3, 412.851
43, 4, 412.96
43, 5, 413.104
43, 6, 413.281
43, 7, 413.489
43, 8, 413.728
43, 9, 413.994
43, 10, 414.287
43, 11, 414.602
43, 12, 414.937
43, 13, 415.291
43, 14, 415.659
43, 15, 416.039
43, 16, 416.427
43, 17, 416.822
43, 18, 417.219
43, 19, 417.615
43, 20, 418.009
43, 21, 418.396
43, 22, 418.775
43, 23, 419.142
43, 24, 419.495
43, 25, 419.831
43, 26, 420.149
43, 27, 420.445
43, 28, 420.718
43, 29, 420.966
43, 30, 421.187
43, 31, 421.379
43, 32, 421.542
43, 33, 421.673
43, 34, 421.772
43, 35, 421.837
43, 36, 421.868
43, 37, 421.864
43, 38, 421.824
43, 39, 421.748
43, 40, 421.636
43, 41, 421.486
43, 42, 421.301
43, 43, 421.079
43, 44, 420.82
43, 45, 420.526
43, 46, 420.197
43, 47, 419.833
43, 48, 419.436
43, 49, 419.006
43, 50, 418.545
43, 51, 418.055
43, 52, 417.535
43, 53, 416.989
43, 54, 416.419
43, 55, 415.825
43, 56, 415.21
43, 57, 414.577
43, 58, 413.928
43, 59, 413.265
43, 60, 412.591
43, 61, 411.91
43, 62, 411.223
43, 63, 410.533
43, 64, 409.845
43, 65, 409.16
43, 66, 408.482
43, 67, 407.814
43, 68, 407.159
43, 69, 406.519
43, 70, 405.899
43, 71, 405.3
43, 72, 404.725
43, 73, 404.177
43, 74, 403.657
43, 75, 403.168
43, 76, 402.711
43, 77, 402.288
43, 78, 401.899
43, 79, 401.546
43, 80, 401.23
44, 1, 400.636
44, 2, 400.672
44, 3, 400.744
44, 4, 400.85
44, 5, 400.991
44, 6, 401.164
44, 7, 401.369
44, 8, 401.603
44, 9, 401.864
44, 10, 402.151
44, 11, 402.46
44, 12, 402.789
44, 13, 403.135
44, 14, 403.496
44, 15, 403.868
44, 16, 404.249
44, 17, 404.636
44, 18, 405.025
44, 19, 405.414
44, 20, 405.8
44, 21, 406.18
44, 22, 406.551
44, 23, 406.911
44, 24, 407.257
44, 25, 407.586
44, 26, 407.898
44, 27, 408.188
44, 28, 408.455
44, 29, 408.698
44, 30, 408.914
44, 31, 409.103
44, 32, 409.262
44, 33, 409.39
44, 34, 409.486
44, 35, 409.549
44, 36, 409.579
44, 37, 409.574
44, 38, 409.533
44, 39, 409.458
44, 40, 409.346
44, 41, 409.198
44, 42, 409.015
44, 43, 408.795
44, 44, 408.54
44, 45, 408.25
44, 46, 407.925
44, 47, 407.567
44, 48, 407.175
44, 49, 406.751
44, 50, 406.297
44, 51, 405.813
44, 52, 405.302
44, 53, 404.764
44, 54, 404.201
44, 55, 403.616
44, 56, 403.011
44, 57, 402.387
44, 58, 401.747
44, 59, 401.094
44, 60, 400.43
44, 61, 399.758
44, 62, 399.081
44, 63, 398.402
44, 64, 397.723
44, 65, 397.047
44, 66, 396.379
44, 67, 395.72
44, 68, 395.073
44, 69, 394.442
44, 70, 393.83
44, 71, 393.238
44, 72, 392.669
44, 73, 392.127
44, 74, 391.613
44, 75, 391.128
44, 76, 390.675
44, 77, 390.255
44, 78, 389.869
44, 79, 389.517
44, 80, 389.201
45, 1, 388.608
45, 2, 388.643
45, 3, 388.713
45, 4, 388.818
45, 5, 388.955
45, 6, 389.125
45, 7, 389.325
45, 8, 389.554
45, 9, 389.81
45, 10, 390.09
45, 11, 390.393
45, 12, 390.715
45, 13, 391.054
45, 14, 391.407
45, 15, 391.772
45, 16, 392.145
45, 17, 392.524
45, 18, 392.905
45, 19, 393.286
45, 20, 393.663
45, 21, 394.035
45, 22, 394.399
45, 23, 394.751
45, 24, 395.09
45, 25, 395.412
45, 26, 395.717
45, 27, 396.001
45, 28, 396.262
45, 29, 396.5
45, 30, 396.711
45, 31, 396.895
45, 32, 397.05
45, 33, 397.175
45, 34, 397.269
45, 35, 397.33
45, 36, 397.358
45, 37, 397.352
45, 38, 397.312
45, 39, 397.236
45, 40, 397.126
45, 41, 396.98
45, 42, 396.798
45, 43, 396.582
45, 44, 396.33
45, 45, 396.044
45, 46, 395.724
45, 47, 395.371
45, 48, 394.985
45, 49, 394.568
45, 50, 394.121
45, 51, 393.645
45, 52, 393.141
45, 53, 392.611
45, 54, 392.058
45, 55, 391.482
45, 56, 390.886
45, 57, 390.272
45, 58, 389.642
45, 59, 388.999
45, 60, 388.345
45, 61, 387.684
45, 62, 387.017
45, 63, 386.348
45, 64, 385.679
45, 65, 385.014
45, 66, 384.354
45, 67, 383.705
45, 68, 383.067
45, 69, 382.444
45, 70, 381.839
45, 71, 381.255
45, 72, 380.693
45, 73, 380.156
45, 74, 379.647
45, 75, 379.167
45, 76, 378.717
45, 77, 378.3
45, 78, 377.915
45, 79, 377.565
45, 80, 377.249
46, 1, 376.655
46, 2, 376.69
46, 3, 376.758
46, 4, 376.86
46, 5, 376.995
46, 6, 377.161
46, 7, 377.356
46, 8, 377.58
46, 9, 377.83
46, 10, 378.104
46, 11, 378.4
46, 12, 378.715
46, 13, 379.047
46, 14, 379.392
46, 15, 379.748
46, 16, 380.113
46, 17, 380.483
46, 18, 380.856
46, 19, 381.228
46, 20, 381.598
46, 21, 381.961
46, 22, 382.317
46, 23, 382.661
46, 24, 382.992
46, 25, 383.307
46, 26, 383.605
46, 27, 383.882
46, 28, 384.138
46, 29, 384.37
46, 30, 384.576
46, 31, 384.756
46, 32, 384.907
46, 33, 385.028
46, 34, 385.119
46, 35, 385.178
46, 36, 385.205
46, 37, 385.198
46, 38, 385.157
46, 39, 385.082
46, 40, 384.973
46, 41, 384.829
46, 42, 384.65
46, 43, 384.436
46, 44, 384.189
46, 45, 383.907
46, 46, 383.592
46, 47, 383.245
46, 48, 382.865
46, 49, 382.455
46, 50, 382.015
46, 51, 381.547
46, 52, 381.052
46, 53, 380.531
46, 54, 379.986
46, 55, 379.42
46, 56, 378.834
46, 57, 378.23
46, 58, 377.611
46, 59, 376.979
46, 60, 376.336
46, 61, 375.685
46, 62, 375.029
46, 63, 374.37
46, 64, 373.711
46, 65, 373.056
46, 66, 372.407
46, 67, 371.767
46, 68, 371.138
46, 69, 370.523
46, 70, 369.926
46, 71, 369.349
46, 72, 368.794
46, 73, 368.263
46, 74, 367.758
46, 75, 367.282
46, 76, 366.835
46, 77, 366.42
46, 78, 366.037
46, 79, 365.687
46, 80, 365.371
47, 1, 364.776
47, 2, 364.809
47, 3, 364.876
47, 4, 364.976
47, 5, 365.107
47, 6, 365.269
47, 7, 365.46
47, 8, 365.679
47, 9, 365.923
47, 10, 366.19
47, 11, 366.479
47, 12, 366.787
47, 13, 367.11
47, 14, 367.448
47, 15, 367.796
47, 16, 368.152
47, 17, 368.513
47, 18, 368.877
47, 19, 369.24
47, 20, 369.601
47, 21, 369.956
47, 22, 370.303
47, 23, 370.639
47, 24, 370.962
47, 25, 371.27
47, 26, 371.56
47, 27, 371.831
47, 28, 372.081
47, 29, 372.307
47, 30, 372.508
47, 31, 372.683
47, 32, 372.83
47, 33, 372.948
47, 34, 373.036
47, 35, 373.092
47, 36, 373.117
47, 37, 373.11
47, 38, 373.069
47, 39, 372.995
47, 40, 372.887
47, 41, 372.744
47, 42, 372.568
47, 43, 372.358
47, 44, 372.115
47, 45, 371.838
47, 46, 371.528
47, 47, 371.187
47, 48, 370.814
47, 49, 370.411
47, 50, 369.979
47, 51, 369.519
47, 52, 369.032
47, 53, 368.521
47, 54, 367.986
47, 55, 367.43
47, 56, 366.854
47, 57, 366.261
47, 58, 365.653
47, 59, 365.031
47, 60, 364.399
47, 61, 363.76
47, 62, 363.114
47, 63, 362.466
47, 64, 361.819
47, 65, 361.174
47, 66, 360.534
47, 67, 359.904
47, 68, 359.284
47, 69, 358.678
47, 70, 358.089
47, 71, 357.518
47, 72, 356.969
47, 73, 356.444
47, 74, 355.944
47, 75, 355.472
47, 76, 355.028
47, 77, 354.615
47, 78, 354.233
47, 79, 353.883
47, 80, 353.566
48, 1, 352.968
48, 2, 353
48, 3, 353.066
48, 4, 353.163
48, 5, 353.291
48, 6, 353.449
48, 7, 353.635
48, 8, 353.848
48, 9, 354.086
48, 10, 354.347
48, 11, 354.628
48, 12, 354.928
48, 13, 355.244
48, 14, 355.572
48, 15, 355.912
48, 16, 356.259
48, 17, 356.611
48, 18, 356.966
48, 19, 357.321
48, 20, 357.672
48, 21, 358.018
48, 22, 358.356
48, 23, 358.684
48, 24, 358.999
48, 25, 359.299
48, 26, 359.582
48, 27, 359.846
48, 28, 360.089
48, 29, 360.309
48, 30, 360.505
48, 31, 360.675
48, 32, 360.817
48, 33, 360.932
48, 34, 361.017
48, 35, 361.072
48, 36, 361.095
48, 37, 361.087
48, 38, 361.046
48, 39, 360.972
48, 40, 360.865
48, 41, 360.725
48, 42, 360.552
48, 43, 360.346
48, 44, 360.106
48, 45, 359.834
48, 46, 359.53
48, 47, 359.195
48, 48, 358.829
48, 49, 358.434
48, 50, 358.01
48, 51, 357.559
48, 52, 357.081
48, 53, 356.58
48, 54, 356.055
48, 55, 355.509
48, 56, 354.944
48, 57, 354.362
48, 58, 353.765
48, 59, 353.155
48, 60, 352.535
48, 61, 351.906
48, 62, 351.272
48, 63, 350.636
48, 64, 349.999
48, 65, 349.364
48, 66, 348.735
48, 67, 348.114
48, 68, 347.504
48, 69, 346.906
48, 70, 346.325
48, 71, 345.761
48, 72, 345.218
48, 73, 344.698
48, 74, 344.203
48, 75, 343.734
48, 76, 343.293
48, 77, 342.881
48, 78, 342.5
48, 79, 342.149
48, 80, 341.831
49, 1, 341.229
49, 2, 341.261
49, 3, 341.324
49, 4, 341.419
49, 5, 341.543
49, 6, 341.697
49, 7, 341.878
49, 8, 342.086
49, 9, 342.317
49, 10, 342.571
49, 11, 342.845
49, 12, 343.137
49, 13, 343.445
49, 14, 343.765
49, 15, 344.095
49, 16, 344.433
49, 17, 344.776
49, 18, 345.121
49, 19, 345.467
49, 20, 345.809
49, 21, 346.146
49, 22, 346.475
49, 23, 346.794
49, 24, 347.101
49, 25, 347.393
49, 26, 347.668
49, 27, 347.924
49, 28, 348.161
49, 29, 348.375
49, 30, 348.565
49, 31, 348.73
49, 32, 348.869
49, 33, 348.979
49, 34, 349.062
49, 35, 349.114
49, 36, 349.136
49, 37, 349.127
49, 38, 349.086
49, 39, 349.013
49, 40, 348.908
49, 41, 348.77
49, 42, 348.6
49, 43, 348.397
49, 44, 348.162
49, 45, 347.895
49, 46, 347.597
49, 47, 347.269
49, 48, 346.91
49, 49, 346.523
49, 50, 346.107
49, 51, 345.665
49, 52, 345.198
49, 53, 344.706
49, 54, 344.192
49, 55, 343.657
49, 56, 343.103
49, 57, 342.532
49, 58, 341.947
49, 59, 341.349
49, 60, 340.74
49, 61, 340.123
49, 62, 339.501
49, 63, 338.876
49, 64, 338.25
49, 65, 337.626
49, 66, 337.008
49, 67, 336.396
49, 68, 335.795
49, 69, 335.206
49, 70, 334.632
49, 71, 334.076
49, 72, 333.539
49, 73, 333.024
49, 74, 332.533
49, 75, 332.067
49, 76, 331.628
49, 77, 331.217
49, 78, 330.836
49, 79, 330.485
49, 80, 330.164
50, 1, 329.557
50, 2, 329.588
50, 3, 329.65
50, 4, 329.742
50, 5, 329.863
50, 6, 330.012
50, 7, 330.189
50, 8, 330.39
50, 9, 330.615
50, 10, 330.862
50, 11, 331.129
50, 12, 331.412
50, 13, 331.711
50, 14, 332.022
50, 15, 332.344
50, 16, 332.672
50, 17, 333.006
50, 18, 333.341
50, 19, 333.677
50, 20, 334.01
50, 21, 334.337
50, 22, 334.657
50, 23, 334.967
50, 24, 335.265
50, 25, 335.549
50, 26, 335.816
50, 27, 336.066
50, 28, 336.295
50, 29, 336.503
50, 30, 336.687
50, 31, 336.847
50, 32, 336.982
50, 33, 337.089
50, 34, 337.168
50, 35, 337.218
50, 36, 337.239
50, 37, 337.229
50, 38, 337.188
50, 39, 337.116
50, 40, 337.012
50, 41, 336.877
50, 42, 336.71
50, 43, 336.511
50, 44, 336.281
50, 45, 336.02
50, 46, 335.728
50, 47, 335.406
50, 48, 335.055
50, 49, 334.676
50, 50, 334.269
50, 51, 333.837
50, 52, 333.379
50, 53, 332.898
50, 54, 332.395
50, 55, 331.871
50, 56, 331.329
50, 57, 330.77
50, 58, 330.196
50, 59, 329.61
50, 60, 329.013
50, 61, 328.409
50, 62, 327.799
50, 63, 327.185
50, 64, 326.571
50, 65, 325.958
50, 66, 325.35
50, 67, 324.748
50, 68, 324.156
50, 69, 323.576
50, 70, 323.01
50, 71, 322.46
50, 72, 321.929
50, 73, 321.419
50, 74, 320.932
50, 75, 320.469
50, 76, 320.032
50, 77, 319.621
50, 78, 319.24
50, 79, 318.887
50, 80, 318.564
51, 1, 317.951
51, 2, 317.981
51, 3, 318.041
51, 4, 318.13
51, 5, 318.247
51, 6, 318.392
51, 7, 318.563
51, 8, 318.759
51, 9, 318.978
51, 10, 319.218
51, 11, 319.476
51, 12, 319.752
51, 13, 320.042
51, 14, 320.344
51, 15, 320.655
51, 16, 320.974
51, 17, 321.298
51, 18, 321.624
51, 19, 321.95
51, 20, 322.273
51, 21, 322.591
51, 22, 322.901
51, 23, 323.202
51, 24, 323.491
51, 25, 323.766
51, 26, 324.026
51, 27, 324.268
51, 28, 324.49
51, 29, 324.691
51, 30, 324.87
51, 31, 325.025
51, 32, 325.155
51, 33, 325.258
51, 34, 325.334
51, 35, 325.382
51, 36, 325.401
51, 37, 325.391
51, 38, 325.35
51, 39, 325.279
51, 40, 325.177
51, 41, 325.044
51, 42, 324.881
51, 43, 324.686
51, 44, 324.461
51, 45, 324.205
51, 46, 323.92
51, 47, 323.606
51, 48, 323.263
51, 49, 322.892
51, 50, 322.494
51, 51, 322.071
51, 52, 321.624
51, 53, 321.154
51, 54, 320.662
51, 55, 320.15
51, 56, 319.619
51, 57, 319.073
51, 58, 318.511
51, 59, 317.938
51, 60, 317.354
51, 61, 316.761
51, 62, 316.163
51, 63, 315.562
51, 64, 314.959
51, 65, 314.357
51, 66, 313.76
51, 67, 313.168
51, 68, 312.585
51, 69, 312.014
51, 70, 311.455
51, 71, 310.912
51, 72, 310.387
51, 73, 309.882
51, 74, 309.398
51, 75, 308.937
51, 76, 308.501
51, 77, 308.092
51, 78, 307.709
51, 79, 307.354
51, 80, 307.028
52, 1, 306.407
52, 2, 306.436
52, 3, 306.494
52, 4, 306.581
52, 5, 306.695
52, 6, 306.835
52, 7, 307.001
52, 8, 307.191
52, 9, 307.403
52, 10, 307.635
52, 11, 307.886
52, 12, 308.153
52, 13, 308.434
52, 14, 308.726
52, 15, 309.029
52, 16, 309.338
52, 17, 309.651
52, 18, 309.967
52, 19, 310.283
52, 20, 310.596
52, 21, 310.904
52, 22, 311.205
52, 23, 311.497
52, 24, 311.777
52, 25, 312.043
52, 26, 312.295
52, 27, 312.529
52, 28, 312.744
52, 29, 312.939
52, 30, 313.112
52, 31, 313.261
52, 32, 313.387
52, 33, 313.486
52, 34, 313.56
52, 35, 313.605
52, 36, 313.623
52, 37, 313.612
52, 38, 313.571
52, 39, 313.501
52, 40, 313.401
52, 41, 313.271
52, 42, 313.111
52, 43, 312.921
52, 44, 312.701
52, 45, 312.451
52, 46, 312.172
52, 47, 311.865
52, 48, 311.531
52, 49, 311.169
52, 50, 310.781
52, 51, 310.368
52, 52, 309.931
52, 53, 309.472
52, 54, 308.992
52, 55, 308.492
52, 56, 307.974
52, 57, 307.439
52, 58, 306.891
52, 59, 306.33
52, 60, 305.759
52, 61, 305.179
52, 62, 304.593
52, 63, 304.004
52, 64, 303.413
52, 65, 302.823
52, 66, 302.236
52, 67, 301.654
52, 68, 301.081
52, 69, 300.518
52, 70, 299.967
52, 71, 299.431
52, 72, 298.911
52, 73, 298.41
52, 74, 297.929
52, 75, 297.471
52, 76, 297.036
52, 77, 296.626
52, 78, 296.241
52, 79, 295.884
52, 80, 295.554
53, 1, 294.924
53, 2, 294.953
53, 3, 295.009
53, 4, 295.093
53, 5, 295.203
53, 6, 295.339
53, 7, 295.499
53, 8, 295.683
53, 9, 295.888
53, 10, 296.113
53, 11, 296.355
53, 12, 296.614
53, 13, 296.885
53, 14, 297.169
53, 15, 297.461
53, 16, 297.76
53, 17, 298.064
53, 18, 298.37
53, 19, 298.675
53, 20, 298.978
53, 21, 299.276
53, 22, 299.567
53, 23, 299.849
53, 24, 300.12
53, 25, 300.378
53, 26, 300.621
53, 27, 300.847
53, 28, 301.055
53, 29, 301.243
53, 30, 301.41
53, 31, 301.555
53, 32, 301.676
53, 33, 301.771
53, 34, 301.842
53, 35, 301.885
53, 36, 301.901
53, 37, 301.89
53, 38, 301.849
53, 39, 301.78
53, 40, 301.682
53, 41, 301.555
53, 42, 301.399
53, 43, 301.213
53, 44, 300.998
53, 45, 300.755
53, 46, 300.483
53, 47, 300.184
53, 48, 299.858
53, 49, 299.505
53, 50, 299.127
53, 51, 298.724
53, 52, 298.299
53, 53, 297.851
53, 54, 297.383
53, 55, 296.895
53, 56, 296.39
53, 57, 295.868
53, 58, 295.333
53, 59, 294.785
53, 60, 294.227
53, 61, 293.66
53, 62, 293.087
53, 63, 292.51
53, 64, 291.931
53, 65, 291.353
53, 66, 290.777
53, 67, 290.205
53, 68, 289.641
53, 69, 289.086
53, 70, 288.543
53, 71, 288.013
53, 72, 287.499
53, 73, 287.002
53, 74, 286.524
53, 75, 286.068
53, 76, 285.633
53, 77, 285.222
53, 78, 284.836
53, 79, 284.475
53, 80, 284.14
54, 1, 283.501
54, 2, 283.528
54, 3, 283.582
54, 4, 283.663
54, 5, 283.77
54, 6, 283.901
54, 7, 284.056
54, 8, 284.233
54, 9, 284.431
54, 10, 284.648
54, 11, 284.883
54, 12, 285.132
54, 13, 285.395
54, 14, 285.669
54, 15, 285.951
54, 16, 286.24
54, 17, 286.533
54, 18, 286.829
54, 19, 287.124
54, 20, 287.416
54, 21, 287.704
54, 22, 287.985
54, 23, 288.258
54, 24, 288.519
54, 25, 288.768
54, 26, 289.003
54, 27, 289.221
54, 28, 289.422
54, 29, 289.603
54, 30, 289.764
54, 31, 289.903
54, 32, 290.02
54, 33, 290.112
54, 34, 290.179
54, 35, 290.22
54, 36, 290.235
54, 37, 290.223
54, 38, 290.183
54, 39, 290.115
54, 40, 290.019
54, 41, 289.895
54, 42, 289.742
54, 43, 289.561
54, 44, 289.352
54, 45, 289.115
54, 46, 288.851
54, 47, 288.56
54, 48, 288.242
54, 49, 287.899
54, 50, 287.531
54, 51, 287.139
54, 52, 286.725
54, 53, 286.289
54, 54, 285.833
54, 55, 285.358
54, 56, 284.865
54, 57, 284.357
54, 58, 283.835
54, 59, 283.301
54, 60, 282.756
54, 61, 282.203
54, 62, 281.643
54, 63, 281.078
54, 64, 280.512
54, 65, 279.945
54, 66, 279.38
54, 67, 278.819
54, 68, 278.264
54, 69, 277.718
54, 70, 277.182
54, 71, 276.659
54, 72, 276.149
54, 73, 275.656
54, 74, 275.181
54, 75, 274.726
54, 76, 274.291
54, 77, 273.878
54, 78, 273.489
54, 79, 273.124
54, 80, 272.785
55, 1, 272.134
55, 2, 272.16
55, 3, 272.212
55, 4, 272.29
55, 5, 272.393
55, 6, 272.519
55, 7, 272.669
55, 8, 272.84
55, 9, 273.031
55, 10, 273.24
55, 11, 273.466
55, 12, 273.707
55, 13, 273.96
55, 14, 274.224
55, 15, 274.497
55, 16, 274.775
55, 17, 275.058
55, 18, 275.343
55, 19, 275.627
55, 20, 275.909
55, 21, 276.187
55, 22, 276.458
55, 23, 276.721
55, 24, 276.973
55, 25, 277.213
55, 26, 277.439
55, 27, 277.649
55, 28, 277.842
55, 29, 278.017
55, 30, 278.172
55, 31, 278.306
55, 32, 278.417
55, 33, 278.505
55, 34, 278.569
55, 35, 278.609
55, 36, 278.622
55, 37, 278.609
55, 38, 278.57
55, 39, 278.504
55, 40, 278.41
55, 41, 278.289
55, 42, 278.14
55, 43, 277.964
55, 44, 277.761
55, 45, 277.53
55, 46, 277.273
55, 47, 276.99
55, 48, 276.682
55, 49, 276.348
55, 50, 275.991
55, 51, 275.61
55, 52, 275.208
55, 53, 274.784
55, 54, 274.34
55, 55, 273.878
55, 56, 273.4
55, 57, 272.905
55, 58, 272.397
55, 59, 271.876
55, 60, 271.345
55, 61, 270.805
55, 62, 270.259
55, 63, 269.707
55, 64, 269.153
55, 65, 268.598
55, 66, 268.045
55, 67, 267.494
55, 68, 266.949
55, 69, 266.411
55, 70, 265.882
55, 71, 265.365
55, 72, 264.861
55, 73, 264.371
55, 74, 263.898
55, 75, 263.443
55, 76, 263.008
55, 77, 262.593
55, 78, 262.201
55, 79, 261.831
55, 80, 261.485
56, 1, 260.821
56, 2, 260.846
56, 3, 260.896
56, 4, 260.971
56, 5, 261.07
56, 6, 261.192
56, 7, 261.336
56, 8, 261.501
56, 9, 261.685
56, 10, 261.886
56, 11, 262.104
56, 12, 262.335
56, 13, 262.579
56, 14, 262.833
56, 15, 263.095
56, 16, 263.364
56, 17, 263.636
56, 18, 263.91
56, 19, 264.184
56, 20, 264.455
56, 21, 264.722
56, 22, 264.983
56, 23, 265.236
56, 24, 265.478
56, 25, 265.709
56, 26, 265.926
56, 27, 266.129
56, 28, 266.314
56, 29, 266.482
56, 30, 266.631
56, 31, 266.759
56, 32, 266.866
56, 33, 266.951
56, 34, 267.012
56, 35, 267.049
56, 36, 267.061
56, 37, 267.048
56, 38, 267.009
56, 39, 266.944
56, 40, 266.853
56, 41, 266.735
56, 42, 266.59
56, 43, 266.419
56, 44, 266.222
56, 45, 265.999
56, 46, 265.749
56, 47, 265.475
56, 48, 265.176
56, 49, 264.852
56, 50, 264.505
56, 51, 264.136
56, 52, 263.745
56, 53, 263.334
56, 54, 262.904
56, 55, 262.455
56, 56, 261.99
56, 57, 261.51
56, 58, 261.015
56, 59, 260.509
56, 60, 259.992
56, 61, 259.466
56, 62, 258.933
56, 63, 258.395
56, 64, 257.854
56, 65, 257.311
56, 66, 256.768
56, 67, 256.229
56, 68, 255.693
56, 69, 255.163
56, 70, 254.642
56, 71, 254.131
56, 72, 253.631
56, 73, 253.145
56, 74, 252.673
56, 75, 252.219
56, 76, 251.782
56, 77, 251.365
56, 78, 250.968
56, 79, 250.593
56, 80, 250.24
57, 1, 249.56
57, 2, 249.585
57, 3, 249.633
57, 4, 249.705
57, 5, 249.8
57, 6, 249.917
57, 7, 250.055
57, 8, 250.214
57, 9, 250.39
57, 10, 250.584
57, 11, 250.793
57, 12, 251.015
57, 13, 251.249
57, 14, 251.493
57, 15, 251.745
57, 16, 252.003
57, 17, 252.264
57, 18, 252.528
57, 19, 252.791
57, 20, 253.051
57, 21, 253.308
57, 22, 253.559
57, 23, 253.801
57, 24, 254.034
57, 25, 254.256
57, 26, 254.464
57, 27, 254.658
57, 28, 254.837
57, 29, 254.998
57, 30, 255.14
57, 31, 255.263
57, 32, 255.365
57, 33, 255.446
57, 34, 255.504
57, 35, 255.539
57, 36, 255.55
57, 37, 255.536
57, 38, 255.498
57, 39, 255.435
57, 40, 255.346
57, 41, 255.231
57, 42, 255.091
57, 43, 254.926
57, 44, 254.734
57, 45, 254.518
57, 46, 254.277
57, 47, 254.011
57, 48, 253.721
57, 49, 253.408
57, 50, 253.072
57, 51, 252.715
57, 52, 252.337
57, 53, 251.938
57, 54, 251.521
57, 55, 251.086
57, 56, 250.635
57, 57, 250.169
57, 58, 249.689
57, 59, 249.197
57, 60, 248.695
57, 61, 248.183
57, 62, 247.664
57, 63, 247.14
57, 64, 246.612
57, 65, 246.081
57, 66, 245.55
57, 67, 245.021
57, 68, 244.495
57, 69, 243.974
57, 70, 243.46
57, 71, 242.954
57, 72, 242.459
57, 73, 241.975
57, 74, 241.506
57, 75, 241.051
57, 76, 240.612
57, 77, 240.191
57, 78, 239.789
57, 79, 239.408
57, 80, 239.047
58, 1, 238.35
58, 2, 238.373
58, 3, 238.42
58, 4, 238.489
58, 5, 238.58
58, 6, 238.692
58, 7, 238.825
58, 8, 238.976
58, 9, 239.146
58, 10, 239.331
58, 11, 239.531
58, 12, 239.745
58, 13, 239.969
58, 14, 240.203
58, 15, 240.445
58, 16, 240.692
58, 17, 240.942
58, 18, 241.195
58, 19, 241.447
58, 20, 241.697
58, 21, 241.942
58, 22, 242.182
58, 23, 242.415
58, 24, 242.638
58, 25, 242.85
58, 26, 243.05
58, 27, 243.236
58, 28, 243.407
58, 29, 243.561
58, 30, 243.697
58, 31, 243.814
58, 32, 243.912
58, 33, 243.988
58, 34, 244.044
58, 35, 244.076
58, 36, 244.086
58, 37, 244.073
58, 38, 244.035
58, 39, 243.973
58, 40, 243.887
58, 41, 243.776
58, 42, 243.641
58, 43, 243.481
58, 44, 243.296
58, 45, 243.087
58, 46, 242.854
58, 47, 242.597
58, 48, 242.317
58, 49, 242.015
58, 50, 241.69
58, 51, 241.345
58, 52, 240.979
58, 53, 240.594
58, 54, 240.191
58, 55, 239.77
58, 56, 239.333
58, 57, 238.882
58, 58, 238.417
58, 59, 237.94
58, 60, 237.452
58, 61, 236.955
58, 62, 236.451
58, 63, 235.94
58, 64, 235.425
58, 65, 234.907
58, 66, 234.388
58, 67, 233.87
58, 68, 233.354
58, 69, 232.841
58, 70, 232.334
58, 71, 231.834
58, 72, 231.343
58, 73, 230.862
58, 74, 230.393
58, 75, 229.937
58, 76, 229.496
58, 77, 229.071
58, 78, 228.663
58, 79, 228.274
58, 80, 227.904
59, 1, 227.188
59, 2, 227.21
59, 3, 227.255
59, 4, 227.321
59, 5, 227.408
59, 6, 227.515
59, 7, 227.642
59, 8, 227.787
59, 9, 227.949
59, 10, 228.126
59, 11, 228.318
59, 12, 228.522
59, 13, 228.736
59, 14, 228.96
59, 15, 229.191
59, 16, 229.427
59, 17, 229.667
59, 18, 229.908
59, 19, 230.149
59, 20, 230.388
59, 21, 230.623
59, 22, 230.853
59, 23, 231.075
59, 24, 231.289
59, 25, 231.491
59, 26, 231.682
59, 27, 231.86
59, 28, 232.023
59, 29, 232.17
59, 30, 232.3
59, 31, 232.412
59, 32, 232.505
59, 33, 232.577
59, 34, 232.63
59, 35, 232.66
59, 36, 232.669
59, 37, 232.655
59, 38, 232.619
59, 39, 232.559
59, 40, 232.475
59, 41, 232.368
59, 42, 232.237
59, 43, 232.083
59, 44, 231.904
59, 45, 231.703
59, 46, 231.478
59, 47, 231.231
59, 48, 230.961
59, 49, 230.669
59, 50, 230.357
59, 51, 230.024
59, 52, 229.671
59, 53, 229.3
59, 54, 228.91
59, 55, 228.504
59, 56, 228.082
59, 57, 227.646
59, 58, 227.196
59, 59, 226.735
59, 60, 226.262
59, 61, 225.78
59, 62, 225.29
59, 63, 224.794
59, 64, 224.293
59, 65, 223.788
59, 66, 223.281
59, 67, 222.774
59, 68, 222.267
59, 69, 221.763
59, 70, 221.264
59, 71, 220.769
59, 72, 220.282
59, 73, 219.803
59, 74, 219.334
59, 75, 218.877
59, 76, 218.432
59, 77, 218.002
59, 78, 217.587
59, 79, 217.189
59, 80, 216.809
60, 1, 216.071
60, 2, 216.093
60, 3, 216.135
60, 4, 216.198
60, 5, 216.281
60, 6, 216.384
60, 7, 216.504
60, 8, 216.643
60, 9, 216.797
60, 10, 216.967
60, 11, 217.149
60, 12, 217.344
60, 13, 217.549
60, 14, 217.762
60, 15, 217.983
60, 16, 218.208
60, 17, 218.437
60, 18, 218.667
60, 19, 218.897
60, 20, 219.125
60, 21, 219.349
60, 22, 219.568
60, 23, 219.78
60, 24, 219.983
60, 25, 220.177
60, 26, 220.359
60, 27, 220.528
60, 28, 220.683
60, 29, 220.823
60, 30, 220.947
60, 31, 221.053
60, 32, 221.141
60, 33, 221.211
60, 34, 221.26
60, 35, 221.289
60, 36, 221.296
60, 37, 221.282
60, 38, 221.247
60, 39, 221.189
60, 40, 221.108
60, 41, 221.005
60, 42, 220.879
60, 43, 220.73
60, 44, 220.558
60, 45, 220.365
60, 46, 220.149
60, 47, 219.911
60, 48, 219.651
60, 49, 219.371
60, 50, 219.07
60, 51, 218.75
60, 52, 218.411
60, 53, 218.053
60, 54, 217.678
60, 55, 217.287
60, 56, 216.881
60, 57, 216.46
60, 58, 216.026
60, 59, 215.58
60, 60, 215.123
60, 61, 214.657
60, 62, 214.182
60, 63, 213.7
60, 64, 213.213
60, 65, 212.722
60, 66, 212.227
60, 67, 211.731
60, 68, 211.235
60, 69, 210.74
60, 70, 210.247
60, 71, 209.758
60, 72, 209.274
60, 73, 208.797
60, 74, 208.328
60, 75, 207.869
60, 76, 207.42
60, 77, 206.983
60, 78, 206.56
60, 79, 206.153
60, 80, 205.761
61, 1, 204.999
61, 2, 205.019
61, 3, 205.059
61, 4, 205.119
61, 5, 205.198
61, 6, 205.296
61, 7, 205.411
61, 8, 205.542
61, 9, 205.689
61, 10, 205.85
61, 11, 206.024
61, 12, 206.209
61, 13, 206.404
61, 14, 206.607
61, 15, 206.817
61, 16, 207.031
61, 17, 207.249
61, 18, 207.468
61, 19, 207.687
61, 20, 207.904
61, 21, 208.117
61, 22, 208.325
61, 23, 208.527
61, 24, 208.72
61, 25, 208.904
61, 26, 209.077
61, 27, 209.238
61, 28, 209.386
61, 29, 209.519
61, 30, 209.636
61, 31, 209.737
61, 32, 209.82
61, 33, 209.886
61, 34, 209.932
61, 35, 209.959
61, 36, 209.966
61, 37, 209.952
61, 38, 209.917
61, 39, 209.861
61, 40, 209.783
61, 41, 209.684
61, 42, 209.563
61, 43, 209.42
61, 44, 209.256
61, 45, 209.07
61, 46, 208.863
61, 47, 208.635
61, 48, 208.386
61, 49, 208.117
61, 50, 207.829
61, 51, 207.522
61, 52, 207.196
61, 53, 206.853
61, 54, 206.493
61, 55, 206.117
61, 56, 205.726
61, 57, 205.321
61, 58, 204.903
61, 59, 204.474
61, 60, 204.033
61, 61, 203.583
61, 62, 203.124
61, 63, 202.657
61, 64, 202.184
61, 65, 201.707
61, 66, 201.225
61, 67, 200.741
61, 68, 200.255
61, 69, 199.768
61, 70, 199.283
61, 71, 198.799
61, 72, 198.319
61, 73, 197.844
61, 74, 197.374
61, 75, 196.911
61, 76, 196.458
61, 77, 196.014
61, 78, 195.581
61, 79, 195.162
61, 80, 194.758
62, 1, 193.967
62, 2, 193.986
62, 3, 194.025
62, 4, 194.081
62, 5, 194.156
62, 6, 194.249
62, 7, 194.358
62, 8, 194.483
62, 9, 194.622
62, 10, 194.775
62, 11, 194.94
62, 12, 195.116
62, 13, 195.301
62, 14, 195.494
62, 15, 195.692
62, 16, 195.896
62, 17, 196.102
62, 18, 196.31
62, 19, 196.517
62, 20, 196.723
62, 21, 196.926
62, 22, 197.123
62, 23, 197.314
62, 24, 197.498
62, 25, 197.672
62, 26, 197.836
62, 27, 197.988
62, 28, 198.128
62, 29, 198.254
62, 30, 198.365
62, 31, 198.461
62, 32, 198.54
62, 33, 198.601
62, 34, 198.645
62, 35, 198.67
62, 36, 198.676
62, 37, 198.662
62, 38, 198.628
62, 39, 198.574
62, 40, 198.5
62, 41, 198.405
62, 42, 198.289
62, 43, 198.152
62, 44, 197.995
62, 45, 197.817
62, 46, 197.619
62, 47, 197.401
62, 48, 197.163
62, 49, 196.906
62, 50, 196.631
62, 51, 196.337
62, 52, 196.025
62, 53, 195.697
62, 54, 195.352
62, 55, 194.992
62, 56, 194.617
62, 57, 194.229
62, 58, 193.827
62, 59, 193.414
62, 60, 192.99
62, 61, 192.556
62, 62, 192.113
62, 63, 191.663
62, 64, 191.205
62, 65, 190.742
62, 66, 190.273
62, 67, 189.801
62, 68, 189.326
62, 69, 188.848
62, 70, 188.37
62, 71, 187.893
62, 72, 187.416
62, 73, 186.941
62, 74, 186.47
62, 75, 186.004
62, 76, 185.544
62, 77, 185.092
62, 78, 184.649
62, 79, 184.216
62, 80, 183.797
63, 1, 182.975
63, 2, 182.993
63, 3, 183.029
63, 4, 183.083
63, 5, 183.154
63, 6, 183.241
63, 7, 183.345
63, 8, 183.463
63, 9, 183.595
63, 10, 183.739
63, 11, 183.895
63, 12, 184.061
63, 13, 184.236
63, 14, 184.418
63, 15, 184.606
63, 16, 184.799
63, 17, 184.994
63, 18, 185.19
63, 19, 185.387
63, 20, 185.581
63, 21, 185.772
63, 22, 185.959
63, 23, 186.14
63, 24, 186.313
63, 25, 186.478
63, 26, 186.633
63, 27, 186.777
63, 28, 186.909
63, 29, 187.028
63, 30, 187.133
63, 31, 187.223
63, 32, 187.297
63, 33, 187.355
63, 34, 187.396
63, 35, 187.419
63, 36, 187.424
63, 37, 187.41
63, 38, 187.378
63, 39, 187.326
63, 40, 187.255
63, 41, 187.164
63, 42, 187.053
63, 43, 186.923
63, 44, 186.773
63, 45, 186.604
63, 46, 186.415
63, 47, 186.207
63, 48, 185.981
63, 49, 185.736
63, 50, 185.473
63, 51, 185.193
63, 52, 184.896
63, 53, 184.582
63, 54, 184.253
63, 55, 183.91
63, 56, 183.551
63, 57, 183.18
63, 58, 182.796
63, 59, 182.4
63, 60, 181.993
63, 61, 181.576
63, 62, 181.15
63, 63, 180.716
63, 64, 180.274
63, 65, 179.825
63, 66, 179.37
63, 67, 178.911
63, 68, 178.447
63, 69, 177.979
63, 70, 177.509
63, 71, 177.036
63, 72, 176.563
63, 73, 176.089
63, 74, 175.617
63, 75, 175.146
63, 76, 174.679
63, 77, 174.217
63, 78, 173.761
63, 79, 173.314
63, 80, 172.878
64, 1, 172.02
64, 2, 172.037
64, 3, 172.071
64, 4, 172.122
64, 5, 172.189
64, 6, 172.271
64, 7, 172.368
64, 8, 172.48
64, 9, 172.604
64, 10, 172.74
64, 11, 172.887
64, 12, 173.044
64, 13, 173.208
64, 14, 173.38
64, 15, 173.557
64, 16, 173.738
64, 17, 173.922
64, 18, 174.107
64, 19, 174.292
64, 20, 174.475
64, 21, 174.656
64, 22, 174.832
64, 23, 175.002
64, 24, 175.165
64, 25, 175.32
64, 26, 175.466
64, 27, 175.602
64, 28, 175.726
64, 29, 175.838
64, 30, 175.936
64, 31, 176.021
64, 32, 176.09
64, 33, 176.145
64, 34, 176.183
64, 35, 176.204
64, 36, 176.208
64, 37, 176.195
64, 38, 176.164
64, 39, 176.114
64, 40, 176.046
64, 41, 175.96
64, 42, 175.855
64, 43, 175.731
64, 44, 175.589
64, 45, 175.428
64, 46, 175.249
64, 47, 175.052
64, 48, 174.837
64, 49, 174.605
64, 50, 174.355
64, 51, 174.089
64, 52, 173.806
64, 53, 173.509
64, 54, 173.196
64, 55, 172.868
64, 56, 172.527
64, 57, 172.173
64, 58, 171.807
64, 59, 171.429
64, 60, 171.04
64, 61, 170.641
64, 62, 170.232
64, 63, 169.814
64, 64, 169.389
64, 65, 168.955
64, 66, 168.515
64, 67, 168.069
64, 68, 167.617
64, 69, 167.159
64, 70, 166.697
64, 71, 166.23
64, 72, 165.76
64, 73, 165.288
64, 74, 164.813
64, 75, 164.337
64, 76, 163.861
64, 77, 163.388
64, 78, 162.918
64, 79, 162.454
64, 80, 161.998
65, 1, 161.1
65, 2, 161.116
65, 3, 161.148
65, 4, 161.195
65, 5, 161.258
65, 6, 161.335
65, 7, 161.427
65, 8, 161.531
65, 9, 161.648
65, 10, 161.776
65, 11, 161.913
65, 12, 162.06
65, 13, 162.215
65, 14, 162.376
65, 15, 162.542
65, 16, 162.712
65, 17, 162.885
65, 18, 163.059
65, 19, 163.232
65, 20, 163.404
65, 21, 163.573
65, 22, 163.738
65, 23, 163.898
65, 24, 164.051
65, 25, 164.197
65, 26, 164.333
65, 27, 164.46
65, 28, 164.577
65, 29, 164.681
65, 30, 164.774
65, 31, 164.853
65, 32, 164.918
65, 33, 164.969
65, 34, 165.004
65, 35, 165.024
65, 36, 165.027
65, 37, 165.014
65, 38, 164.984
65, 39, 164.937
65, 40, 164.873
65, 41, 164.791
65, 42, 164.692
65, 43, 164.575
65, 44, 164.44
65, 45, 164.288
65, 46, 164.119
65, 47, 163.933
65, 48, 163.729
65, 49, 163.51
65, 50, 163.274
65, 51, 163.022
65, 52, 162.755
65, 53, 162.473
65, 54, 162.176
65, 55, 161.866
65, 56, 161.543
65, 57, 161.207
65, 58, 160.858
65, 59, 160.499
65, 60, 160.128
65, 61, 159.747
65, 62, 159.357
65, 63, 158.957
65, 64, 158.548
65, 65, 158.132
65, 66, 157.707
65, 67, 157.274
65, 68, 156.835
65, 69, 156.388
65, 70, 155.934
65, 71, 155.474
65, 72, 155.008
65, 73, 154.535
65, 74, 154.058
65, 75, 153.576
65, 76, 153.091
65, 77, 152.605
65, 78, 152.119
65, 79, 151.635
65, 80, 151.157
66, 1, 150.212
66, 2, 150.227
66, 3, 150.257
66, 4, 150.302
66, 5, 150.36
66, 6, 150.432
66, 7, 150.518
66, 8, 150.615
66, 9, 150.724
66, 10, 150.844
66, 11, 150.972
66, 12, 151.11
66, 13, 151.254
66, 14, 151.405
66, 15, 151.56
66, 16, 151.719
66, 17, 151.88
66, 18, 152.042
66, 19, 152.204
66, 20, 152.365
66, 21, 152.523
66, 22, 152.677
66, 23, 152.826
66, 24, 152.969
66, 25, 153.105
66, 26, 153.233
66, 27, 153.351
66, 28, 153.46
66, 29, 153.557
66, 30, 153.643
66, 31, 153.717
66, 32, 153.778
66, 33, 153.825
66, 34, 153.857
66, 35, 153.875
66, 36, 153.878
66, 37, 153.866
66, 38, 153.837
66, 39, 153.793
66, 40, 153.732
66, 41, 153.655
66, 42, 153.562
66, 43, 153.452
66, 44, 153.325
66, 45, 153.182
66, 46, 153.023
66, 47, 152.847
66, 48, 152.656
66, 49, 152.449
66, 50, 152.227
66, 51, 151.99
66, 52, 151.739
66, 53, 151.473
66, 54, 151.194
66, 55, 150.901
66, 56, 150.596
66, 57, 150.278
66, 58, 149.949
66, 59, 149.608
66, 60, 149.257
66, 61, 148.895
66, 62, 148.523
66, 63, 148.142
66, 64, 147.751
66, 65, 147.352
66, 66, 146.943
66, 67, 146.526
66, 68, 146.1
66, 69, 145.665
66, 70, 145.22
66, 71, 144.767
66, 72, 144.305
66, 73, 143.833
66, 74, 143.353
66, 75, 142.865
66, 76, 142.369
66, 77, 141.868
66, 78, 141.363
66, 79, 140.857
66, 80, 140.354
67, 1, 139.355
67, 2, 139.369
67, 3, 139.397
67, 4, 139.438
67, 5, 139.493
67, 6, 139.56
67, 7, 139.639
67, 8, 139.73
67, 9, 139.831
67, 10, 139.942
67, 11, 140.062
67, 12, 140.189
67, 13, 140.324
67, 14, 140.463
67, 15, 140.608
67, 16, 140.755
67, 17, 140.905
67, 18, 141.056
67, 19, 141.206
67, 20, 141.356
67, 21, 141.502
67, 22, 141.646
67, 23, 141.784
67, 24, 141.917
67, 25, 142.043
67, 26, 142.162
67, 27, 142.272
67, 28, 142.373
67, 29, 142.463
67, 30, 142.543
67, 31, 142.611
67, 32, 142.667
67, 33, 142.711
67, 34, 142.741
67, 35, 142.757
67, 36, 142.76
67, 37, 142.748
67, 38, 142.721
67, 39, 142.679
67, 40, 142.622
67, 41, 142.55
67, 42, 142.462
67, 43, 142.359
67, 44, 142.241
67, 45, 142.107
67, 46, 141.958
67, 47, 141.794
67, 48, 141.615
67, 49, 141.422
67, 50, 141.214
67, 51, 140.992
67, 52, 140.756
67, 53, 140.507
67, 54, 140.245
67, 55, 139.971
67, 56, 139.684
67, 57, 139.385
67, 58, 139.075
67, 59, 138.755
67, 60, 138.423
67, 61, 138.081
67, 62, 137.73
67, 63, 137.368
67, 64, 136.996
67, 65, 136.615
67, 66, 136.224
67, 67, 135.823
67, 68, 135.411
67, 69, 134.989
67, 70, 134.555
67, 71, 134.109
67, 72, 133.652
67, 73, 133.182
67, 74, 132.699
67, 75, 132.203
67, 76, 131.696
67, 77, 131.178
67, 78, 130.652
67, 79, 130.12
67, 80, 129.587
68, 1, 128.527
68, 2, 128.54
68, 3, 128.565
68, 4, 128.603
68, 5, 128.654
68, 6, 128.716
68, 7, 128.789
68, 8, 128.873
68, 9, 128.966
68, 10, 129.069
68, 11, 129.179
68, 12, 129.297
68, 13, 129.421
68, 14, 129.55
68, 15, 129.684
68, 16, 129.82
68, 17, 129.958
68, 18, 130.098
68, 19, 130.237
68, 20, 130.374
68, 21, 130.51
68, 22, 130.642
68, 23, 130.77
68, 24, 130.893
68, 25, 131.009
68, 26, 131.119
68, 27, 131.22
68, 28, 131.313
68, 29, 131.397
68, 30, 131.47
68, 31, 131.533
68, 32, 131.585
68, 33, 131.625
68, 34, 131.652
68, 35, 131.667
68, 36, 131.669
68, 37, 131.658
68, 38, 131.633
68, 39, 131.594
68, 40, 131.54
68, 41, 131.473
68, 42, 131.392
68, 43, 131.296
68, 44, 131.186
68, 45, 131.061
68, 46, 130.923
68, 47, 130.771
68, 48, 130.604
68, 49, 130.424
68, 50, 130.231
68, 51, 130.024
68, 52, 129.805
68, 53, 129.573
68, 54, 129.329
68, 55, 129.073
68, 56, 128.805
68, 57, 128.527
68, 58, 128.237
68, 59, 127.937
68, 60, 127.626
68, 61, 127.305
68, 62, 126.974
68, 63, 126.632
68, 64, 126.281
68, 65, 125.919
68, 66, 125.547
68, 67, 125.163
68, 68, 124.768
68, 69, 124.359
68, 70, 123.938
68, 71, 123.501
68, 72, 123.05
68, 73, 122.581
68, 74, 122.096
68, 75, 121.593
68, 76, 121.072
68, 77, 120.536
68, 78, 119.985
68, 79, 119.424
68, 80, 118.857
69, 1, 117.724
69, 2, 117.736
69, 3, 117.76
69, 4, 117.795
69, 5, 117.841
69, 6, 117.898
69, 7, 117.965
69, 8, 118.042
69, 9, 118.127
69, 10, 118.221
69, 11, 118.323
69, 12, 118.431
69, 13, 118.545
69, 14, 118.663
69, 15, 118.785
69, 16, 118.911
69, 17, 119.037
69, 18, 119.165
69, 19, 119.293
69, 20, 119.419
69, 21, 119.543
69, 22, 119.665
69, 23, 119.782
69, 24, 119.894
69, 25, 120.001
69, 26, 120.101
69, 27, 120.194
69, 28, 120.28
69, 29, 120.356
69, 30, 120.424
69, 31, 120.481
69, 32, 120.528
69, 33, 120.565
69, 34, 120.59
69, 35, 120.603
69, 36, 120.605
69, 37, 120.594
69, 38, 120.57
69, 39, 120.534
69, 40, 120.485
69, 41, 120.423
69, 42, 120.348
69, 43, 120.259
69, 44, 120.158
69, 45, 120.043
69, 46, 119.915
69, 47, 119.775
69, 48, 119.621
69, 49, 119.455
69, 50, 119.276
69, 51, 119.086
69, 52, 118.883
69, 53, 118.669
69, 54, 118.443
69, 55, 118.206
69, 56, 117.958
69, 57, 117.7
69, 58, 117.431
69, 59, 117.152
69, 60, 116.862
69, 61, 116.563
69, 62, 116.254
69, 63, 115.934
69, 64, 115.604
69, 65, 115.263
69, 66, 114.911
69, 67, 114.546
69, 68, 114.169
69, 69, 113.776
69, 70, 113.369
69, 71, 112.943
69, 72, 112.499
69, 73, 112.034
69, 74, 111.547
69, 75, 111.036
69, 76, 110.502
69, 77, 109.945
69, 78, 109.366
69, 79, 108.771
69, 80, 108.164
70, 1, 106.946
70, 2, 106.957
70, 3, 106.978
70, 4, 107.01
70, 5, 107.052
70, 6, 107.104
70, 7, 107.165
70, 8, 107.234
70, 9, 107.312
70, 10, 107.398
70, 11, 107.49
70, 12, 107.589
70, 13, 107.692
70, 14, 107.8
70, 15, 107.911
70, 16, 108.025
70, 17, 108.14
70, 18, 108.256
70, 19, 108.372
70, 20, 108.487
70, 21, 108.6
70, 22, 108.711
70, 23, 108.817
70, 24, 108.919
70, 25, 109.016
70, 26, 109.108
70, 27, 109.192
70, 28, 109.27
70, 29, 109.339
70, 30, 109.4
70, 31, 109.453
70, 32, 109.495
70, 33, 109.528
70, 34, 109.551
70, 35, 109.563
70, 36, 109.564
70, 37, 109.554
70, 38, 109.532
70, 39, 109.499
70, 40, 109.454
70, 41, 109.397
70, 42, 109.328
70, 43, 109.248
70, 44, 109.155
70, 45, 109.05
70, 46, 108.933
70, 47, 108.804
70, 48, 108.664
70, 49, 108.512
70, 50, 108.348
70, 51, 108.174
70, 52, 107.988
70, 53, 107.791
70, 54, 107.584
70, 55, 107.367
70, 56, 107.139
70, 57, 106.902
70, 58, 106.655
70, 59, 106.397
70, 60, 106.131
70, 61, 105.854
70, 62, 105.568
70, 63, 105.271
70, 64, 104.964
70, 65, 104.645
70, 66, 104.315
70, 67, 103.971
70, 68, 103.613
70, 69, 103.239
70, 70, 102.847
70, 71, 102.435
70, 72, 102.001
70, 73, 101.541
70, 74, 101.054
70, 75, 100.536
70, 76, 99.9879
70, 77, 99.4079
70, 78, 98.7982
70, 79, 98.1626
70, 80, 97.5078
71, 1, 96.1892
71, 2, 96.1988
71, 3, 96.2181
71, 4, 96.2467
71, 5, 96.2845
71, 6, 96.3311
71, 7, 96.3861
71, 8, 96.449
71, 9, 96.5193
71, 10, 96.5963
71, 11, 96.6794
71, 12, 96.7679
71, 13, 96.8611
71, 14, 96.9581
71, 15, 97.0583
71, 16, 97.1607
71, 17, 97.2646
71, 18, 97.3692
71, 19, 97.4736
71, 20, 97.5771
71, 21, 97.6788
71, 22, 97.778
71, 23, 97.874
71, 24, 97.9661
71, 25, 98.0534
71, 26, 98.1355
71, 27, 98.2116
71, 28, 98.2813
71, 29, 98.3438
71, 30, 98.3988
71, 31, 98.4457
71, 32, 98.4841
71, 33, 98.5136
71, 34, 98.5339
71, 35, 98.5446
71, 36, 98.5454
71, 37, 98.536
71, 38, 98.5164
71, 39, 98.4862
71, 40, 98.4454
71, 41, 98.3939
71, 42, 98.3315
71, 43, 98.2582
71, 44, 98.1741
71, 45, 98.0791
71, 46, 97.9733
71, 47, 97.8568
71, 48, 97.7296
71, 49, 97.592
71, 50, 97.444
71, 51, 97.2858
71, 52, 97.1175
71, 53, 96.9394
71, 54, 96.7516
71, 55, 96.5543
71, 56, 96.3476
71, 57, 96.1316
71, 58, 95.9064
71, 59, 95.6721
71, 60, 95.4286
71, 61, 95.1757
71, 62, 94.9133
71, 63, 94.6408
71, 64, 94.3578
71, 65, 94.0635
71, 66, 93.7568
71, 67, 93.4364
71, 68, 93.1006
71, 69, 92.7475
71, 70, 92.3745
71, 71, 91.9787
71, 72, 91.5569
71, 73, 91.1054
71, 74, 90.6203
71, 75, 90.098
71, 76, 89.5356
71, 77, 88.9314
71, 78, 88.2862
71, 79, 87.6038
71, 80, 86.8921
72, 1, 85.4521
72, 2, 85.4607
72, 3, 85.4778
72, 4, 85.5033
72, 5, 85.5369
72, 6, 85.5784
72, 7, 85.6273
72, 8, 85.6832
72, 9, 85.7457
72, 10, 85.8142
72, 11, 85.8881
72, 12, 85.9668
72, 13, 86.0496
72, 14, 86.1359
72, 15, 86.225
72, 16, 86.316
72, 17, 86.4084
72, 18, 86.5014
72, 19, 86.5943
72, 20, 86.6863
72, 21, 86.7767
72, 22, 86.8649
72, 23, 86.9503
72, 24, 87.0321
72, 25, 87.1097
72, 26, 87.1827
72, 27, 87.2504
72, 28, 87.3122
72, 29, 87.3678
72, 30, 87.4166
72, 31, 87.4582
72, 32, 87.4923
72, 33, 87.5184
72, 34, 87.5363
72, 35, 87.5457
72, 36, 87.5462
72, 37, 87.5378
72, 38, 87.5201
72, 39, 87.4931
72, 40, 87.4565
72, 41, 87.4104
72, 42, 87.3547
72, 43, 87.2892
72, 44, 87.214
72, 45, 87.1291
72, 46, 87.0346
72, 47, 86.9305
72, 48, 86.8169
72, 49, 86.6939
72, 50, 86.5615
72, 51, 86.42
72, 52, 86.2695
72, 53, 86.1101
72, 54, 85.9419
72, 55, 85.7651
72, 56, 85.5798
72, 57, 85.386
72, 58, 85.1837
72, 59, 84.973
72, 60, 84.7536
72, 61, 84.5255
72, 62, 84.2882
72, 63, 84.0413
72, 64, 83.7841
72, 65, 83.5157
72, 66, 83.2348
72, 67, 82.9399
72, 68, 82.6291
72, 69, 82.2999
72, 70, 81.9493
72, 71, 81.5737
72, 72, 81.1688
72, 73, 80.7297
72, 74, 80.251
72, 75, 79.7269
72, 76, 79.1523
72, 77, 78.5232
72, 78, 77.8384
72, 79, 77.1012
72, 80, 76.3207
73, 1, 74.7325
73, 2, 74.74
73, 3, 74.755
73, 4, 74.7773
73, 5, 74.8067
73, 6, 74.843
73, 7, 74.8858
73, 8, 74.9348
73, 9, 74.9894
73, 10, 75.0494
73, 11, 75.1141
73, 12, 75.183
73, 13, 75.2555
73, 14, 75.331
73, 15, 75.409
73, 16, 75.4887
73, 17, 75.5695
73, 18, 75.6509
73, 19, 75.7322
73, 20, 75.8127
73, 21, 75.8919
73, 22, 75.9691
73, 23, 76.0438
73, 24, 76.1153
73, 25, 76.1833
73, 26, 76.2471
73, 27, 76.3063
73, 28, 76.3604
73, 29, 76.409
73, 30, 76.4517
73, 31, 76.488
73, 32, 76.5178
73, 33, 76.5406
73, 34, 76.5561
73, 35, 76.5642
73, 36, 76.5646
73, 37, 76.557
73, 38, 76.5414
73, 39, 76.5176
73, 40, 76.4854
73, 41, 76.4449
73, 42, 76.3958
73, 43, 76.3383
73, 44, 76.2722
73, 45, 76.1976
73, 46, 76.1145
73, 47, 76.0229
73, 48, 75.923
73, 49, 75.8149
73, 50, 75.6985
73, 51, 75.574
73, 52, 75.4415
73, 53, 75.3012
73, 54, 75.153
73, 55, 74.9972
73, 56, 74.8337
73, 57, 74.6627
73, 58, 74.484
73, 59, 74.2975
73, 60, 74.1033
73, 61, 73.9009
73, 62, 73.69
73, 63, 73.47
73, 64, 73.2402
73, 65, 72.9995
73, 66, 72.7467
73, 67, 72.48
73, 68, 72.1971
73, 69, 71.8955
73, 70, 71.5714
73, 71, 71.2207
73, 72, 70.8381
73, 73, 70.4172
73, 74, 69.9506
73, 75, 69.4302
73, 76, 68.8474
73, 77, 68.1945
73, 78, 67.467
73, 79, 66.6657
73, 80, 65.8006
74, 1, 64.0281
74, 2, 64.0346
74, 3, 64.0474
74, 4, 64.0665
74, 5, 64.0917
74, 6, 64.1228
74, 7, 64.1595
74, 8, 64.2015
74, 9, 64.2484
74, 10, 64.2998
74, 11, 64.3553
74, 12, 64.4143
74, 13, 64.4765
74, 14, 64.5413
74, 15, 64.6081
74, 16, 64.6765
74, 17, 64.7458
74, 18, 64.8156
74, 19, 64.8852
74, 20, 64.9542
74, 21, 65.0221
74, 22, 65.0883
74, 23, 65.1523
74, 24, 65.2137
74, 25, 65.2719
74, 26, 65.3266
74, 27, 65.3773
74, 28, 65.4237
74, 29, 65.4653
74, 30, 65.5018
74, 31, 65.533
74, 32, 65.5584
74, 33, 65.5779
74, 34, 65.5912
74, 35, 65.598
74, 36, 65.5983
74, 37, 65.5917
74, 38, 65.5782
74, 39, 65.5576
74, 40, 65.5299
74, 41, 65.495
74, 42, 65.4528
74, 43, 65.4032
74, 44, 65.3463
74, 45, 65.2821
74, 46, 65.2106
74, 47, 65.1318
74, 48, 65.0458
74, 49, 64.9527
74, 50, 64.8525
74, 51, 64.7453
74, 52, 64.6311
74, 53, 64.5102
74, 54, 64.3824
74, 55, 64.248
74, 56, 64.1069
74, 57, 63.9591
74, 58, 63.8046
74, 59, 63.6432
74, 60, 63.4749
74, 61, 63.2992
74, 62, 63.1158
74, 63, 62.9241
74, 64, 62.7233
74, 65, 62.5124
74, 66, 62.2899
74, 67, 62.054
74, 68, 61.8025
74, 69, 61.5323
74, 70, 61.2396
74, 71, 60.9195
74, 72, 60.5658
74, 73, 60.1708
74, 74, 59.7249
74, 75, 59.2167
74, 76, 58.6334
74, 77, 57.9615
74, 78, 57.1899
74, 79, 56.3144
74, 80, 55.344
75, 1, 53.3368
75, 2, 53.3422
75, 3, 53.3529
75, 4, 53.3688
75, 5, 53.3898
75, 6, 53.4158
75, 7, 53.4464
75, 8, 53.4813
75, 9, 53.5204
75, 10, 53.5633
75, 11, 53.6095
75, 12, 53.6587
75, 13, 53.7106
75, 14, 53.7645
75, 15, 53.8202
75, 16, 53.8772
75, 17, 53.935
75, 18, 53.9931
75, 19, 54.0512
75, 20, 54.1087
75, 21, 54.1653
75, 22, 54.2205
75, 23, 54.2738
75, 24, 54.3249
75, 25, 54.3735
75, 26, 54.4191
75, 27, 54.4613
75, 28, 54.4999
75, 29, 54.5346
75, 30, 54.565
75, 31, 54.5909
75, 32, 54.6121
75, 33, 54.6283
75, 34, 54.6393
75, 35, 54.645
75, 36, 54.6451
75, 37, 54.6395
75, 38, 54.6282
75, 39, 54.611
75, 40, 54.5878
75, 41, 54.5585
75, 42, 54.5232
75, 43, 54.4818
75, 44, 54.4342
75, 45, 54.3805
75, 46, 54.3207
75, 47, 54.2548
75, 48, 54.1829
75, 49, 54.105
75, 50, 54.0212
75, 51, 53.9315
75, 52, 53.8359
75, 53, 53.7346
75, 54, 53.6277
75, 55, 53.515
75, 56, 53.3967
75, 57, 53.2727
75, 58, 53.1429
75, 59, 53.0073
75, 60, 52.8657
75, 61, 52.7176
75, 62, 52.5629
75, 63, 52.4008
75, 64, 52.2305
75, 65, 52.0512
75, 66, 51.8613
75, 67, 51.6592
75, 68, 51.4424
75, 69, 51.208
75, 70, 50.9519
75, 71, 50.6689
75, 72, 50.3521
75, 73, 49.9927
75, 74, 49.5791
75, 75, 49.0962
75, 76, 48.5257
75, 77, 47.8458
75, 78, 47.0344
75, 79, 46.0754
75, 80, 44.9714
76, 1, 42.6564
76, 2, 42.6607
76, 3, 42.6692
76, 4, 42.682
76, 5, 42.6988
76, 6, 42.7196
76, 7, 42.744
76, 8, 42.772
76, 9, 42.8033
76, 10, 42.8376
76, 11, 42.8746
76, 12, 42.914
76, 13, 42.9554
76, 14, 42.9986
76, 15, 43.0432
76, 16, 43.0888
76, 17, 43.135
76, 18, 43.1815
76, 19, 43.228
76, 20, 43.274
76, 21, 43.3193
76, 22, 43.3634
76, 23, 43.4061
76, 24, 43.447
76, 25, 43.4858
76, 26, 43.5223
76, 27, 43.5561
76, 28, 43.587
76, 29, 43.6147
76, 30, 43.639
76, 31, 43.6597
76, 32, 43.6766
76, 33, 43.6896
76, 34, 43.6983
76, 35, 43.7028
76, 36, 43.7029
76, 37, 43.6984
76, 38, 43.6893
76, 39, 43.6754
76, 40, 43.6568
76, 41, 43.6333
76, 42, 43.605
76, 43, 43.5717
76, 44, 43.5336
76, 45, 43.4905
76, 46, 43.4425
76, 47, 43.3897
76, 48, 43.332
76, 49, 43.2694
76, 50, 43.2021
76, 51, 43.1301
76, 52, 43.0534
76, 53, 42.9721
76, 54, 42.8861
76, 55, 42.7956
76, 56, 42.7004
76, 57, 42.6006
76, 58, 42.4962
76, 59, 42.3869
76, 60, 42.2727
76, 61, 42.1531
76, 62, 42.028
76, 63, 41.8966
76, 64, 41.7585
76, 65, 41.6125
76, 66, 41.4575
76, 67, 41.2917
76, 68, 41.1132
76, 69, 40.9188
76, 70, 40.7048
76, 71, 40.466
76, 72, 40.1954
76, 73, 39.8835
76, 74, 39.517
76, 75, 39.0781
76, 76, 38.5421
76, 77, 37.8764
76, 78, 37.041
76, 79, 35.9954
76, 80, 34.72
77, 1, 31.9847
77, 2, 31.9879
77, 3, 31.9943
77, 4, 32.0039
77, 5, 32.0165
77, 6, 32.0321
77, 7, 32.0504
77, 8, 32.0714
77, 9, 32.0949
77, 10, 32.1206
77, 11, 32.1483
77, 12, 32.1779
77, 13, 32.209
77, 14, 32.2414
77, 15, 32.2748
77, 16, 32.309
77, 17, 32.3437
77, 18, 32.3786
77, 19, 32.4134
77, 20, 32.448
77, 21, 32.4819
77, 22, 32.515
77, 23, 32.547
77, 24, 32.5777
77, 25, 32.6068
77, 26, 32.6342
77, 27, 32.6595
77, 28, 32.6827
77, 29, 32.7034
77, 30, 32.7217
77, 31, 32.7372
77, 32, 32.7499
77, 33, 32.7596
77, 34, 32.7661
77, 35, 32.7695
77, 36, 32.7695
77, 37, 32.7661
77, 38, 32.7592
77, 39, 32.7488
77, 40, 32.7348
77, 41, 32.7171
77, 42, 32.6958
77, 43, 32.6708
77, 44, 32.6421
77, 45, 32.6098
77, 46, 32.5737
77, 47, 32.5339
77, 48, 32.4906
77, 49, 32.4436
77, 50, 32.393
77, 51, 32.3388
77, 52, 32.2811
77, 53, 32.2199
77, 54, 32.1552
77, 55, 32.087
77, 56, 32.0154
77, 57, 31.9402
77, 58, 31.8615
77, 59, 31.7791
77, 60, 31.6928
77, 61, 31.6025
77, 62, 31.5078
77, 63, 31.4083
77, 64, 31.3035
77, 65, 31.1924
77, 66, 31.0742
77, 67, 30.9474
77, 68, 30.8102
77, 69, 30.6601
77, 70, 30.4936
77, 71, 30.3063
77, 72, 30.0916
77, 73, 29.8403
77, 74, 29.5392
77, 75, 29.1688
77, 76, 28.6997
77, 77, 28.0881
77, 78, 27.2693
77, 79, 26.1564
77, 80, 24.6641
78, 1, 21.3195
78, 2, 21.3216
78, 3, 21.3259
78, 4, 21.3323
78, 5, 21.3407
78, 6, 21.3511
78, 7, 21.3633
78, 8, 21.3773
78, 9, 21.393
78, 10, 21.4101
78, 11, 21.4286
78, 12, 21.4483
78, 13, 21.4691
78, 14, 21.4907
78, 15, 21.5129
78, 16, 21.5357
78, 17, 21.5589
78, 18, 21.5821
78, 19, 21.6054
78, 20, 21.6284
78, 21, 21.651
78, 22, 21.6731
78, 23, 21.6944
78, 24, 21.7149
78, 25, 21.7343
78, 26, 21.7525
78, 27, 21.7694
78, 28, 21.7848
78, 29, 21.7987
78, 30, 21.8108
78, 31, 21.8212
78, 32, 21.8296
78, 33, 21.8361
78, 34, 21.8404
78, 35, 21.8427
78, 36, 21.8427
78, 37, 21.8404
78, 38, 21.8358
78, 39, 21.8288
78, 40, 21.8195
78, 41, 21.8077
78, 42, 21.7934
78, 43, 21.7767
78, 44, 21.7576
78, 45, 21.736
78, 46, 21.7119
78, 47, 21.6853
78, 48, 21.6564
78, 49, 21.625
78, 50, 21.5912
78, 51, 21.555
78, 52, 21.5165
78, 53, 21.4756
78, 54, 21.4323
78, 55, 21.3868
78, 56, 21.3389
78, 57, 21.2886
78, 58, 21.2359
78, 59, 21.1807
78, 60, 21.1229
78, 61, 21.0624
78, 62, 20.9989
78, 63, 20.9321
78, 64, 20.8615
78, 65, 20.7868
78, 66, 20.707
78, 67, 20.6212
78, 68, 20.528
78, 69, 20.4257
78, 70, 20.3117
78, 71, 20.1824
78, 72, 20.0328
78, 73, 19.8556
78, 74, 19.6395
78, 75, 19.3668
78, 76, 19.0087
78, 77, 18.5157
78, 78, 17.7999
78, 79, 16.7049
78, 80, 14.9759
79, 1, 10.6586
79, 2, 10.6597
79, 3, 10.6619
79, 4, 10.6651
79, 5, 10.6693
79, 6, 10.6745
79, 7, 10.6806
79, 8, 10.6876
79, 9, 10.6954
79, 10, 10.704
79, 11, 10.7132
79, 12, 10.7231
79, 13, 10.7334
79, 14, 10.7442
79, 15, 10.7554
79, 16, 10.7668
79, 17, 10.7783
79, 18, 10.79
79, 19, 10.8016
79, 20, 10.8131
79, 21, 10.8244
79, 22, 10.8355
79, 23, 10.8461
79, 24, 10.8564
79, 25, 10.8661
79, 26, 10.8752
79, 27, 10.8836
79, 28, 10.8913
79, 29, 10.8983
79, 30, 10.9043
79, 31, 10.9095
79, 32, 10.9137
79, 33, 10.9169
79, 34, 10.9191
79, 35, 10.9202
79, 36, 10.9202
79, 37, 10.9191
79, 38, 10.9168
79, 39, 10.9133
79, 40, 10.9086
79, 41, 10.9027
79, 42, 10.8956
79, 43, 10.8872
79, 44, 10.8776
79, 45, 10.8668
79, 46, 10.8548
79, 47, 10.8415
79, 48, 10.827
79, 49, 10.8113
79, 50, 10.7944
79, 51, 10.7762
79, 52, 10.7569
79, 53, 10.7365
79, 54, 10.7148
79, 55, 10.692
79, 56, 10.668
79, 57, 10.6428
79, 58, 10.6164
79, 59, 10.5888
79, 60, 10.5598
79, 61, 10.5294
79, 62, 10.4975
79, 63, 10.464
79, 64, 10.4285
79, 65, 10.3909
79, 66, 10.3507
79, 67, 10.3074
79, 68, 10.2603
79, 69, 10.2084
79, 70, 10.1504
79, 71, 10.0844
79, 72, 10.0075
79, 73, 9.91556
79, 74, 9.80206
79, 75, 9.6561
79, 76, 9.4584
79, 77, 9.17165
79, 78, 8.71532
79, 79, 7.89239
79, 80, 6.15178
80, 1, 0
80, 2, 0
80, 3, 0
80, 4, 0
80, 5, 0
80, 6, 0
80, 7, 0
80, 8, 0
80, 9, 0
80, 10, 0
80, 11, 0
80, 12, 0
80, 13, 0
80, 14, 0
80, 15, 0
80, 16, 0
80, 17, 0
80, 18, 0
80, 19, 0
80, 20, 0
80, 21, 0
80, 22, 0
80, 23, 0
80, 24, 0
80, 25, 0
80, 26, 0
80, 27, 0
80, 28, 0
80, 29, 0
80, 30, 0
80, 31, 0
80, 32, 0
80, 33, 0
80, 34, 0
80, 35, 0
80, 36, 0
80, 37, 0
80, 38, 0
80, 39, 0
80, 40, 0
80, 41, 0
80, 42, 0
80, 43, 0
80, 44, 0
80, 45, 0
80, 46, 0
80, 47, 0
80, 48, 0
80, 49, 0
80, 50, 0
80, 51, 0
80, 52, 0
80, 53, 0
80, 54, 0
80, 55, 0
80, 56, 0
80, 57, 0
80, 58, 0
80, 59, 0
80, 60, 0
80, 61, 0
80, 62, 0
80, 63, 0
80, 64, 0
80, 65, 0
80, 66, 0
80, 67, 0
80, 68, 0
80, 69, 0
80, 70, 0
80, 71, 0
80, 72, 0
80, 73, 0
80, 74, 0
80, 75, 0
80, 76, 0
80, 77, 0
80, 78, 0
80, 79, 0
80, 80, 0
